# Trouble in Terrorist Town weapon/ammo placement overrides
# For map: dm_richland
# Exported by: NinjaTuna
setting:	replacespawns 1
weapon_zm_pistol	-491.4755 1544.8855 80.2474	-0.576 35.368 88.734
weapon_zm_pistol	135.4538 -1004.1360 33.7287	-0.721 -35.090 -90.780
weapon_zm_pistol	-438.6355 1835.3972 -60.7647	-32.265 34.086 91.525
weapon_zm_pistol	585.9409 1680.1428 69.0269	-0.580 -35.968 -90.881
weapon_zm_pistol	-4.7693 1032.6946 1.2923	-0.121 36.013 88.347
weapon_zm_pistol	530.1049 38.8507 52.9409	33.634 -22.498 -30.301
weapon_ttt_glock	753.8967 -31.9846 50.2073	-0.392 -38.356 -88.070
weapon_ttt_glock	905.7390 230.5161 176.2433	-0.593 35.368 88.700
weapon_ttt_glock	234.9682 -243.8101 233.9052	-0.157 -40.358 -89.178
weapon_ttt_glock	-536.4697 -35.3261 47.6122	-50.674 -98.954 86.680
weapon_ttt_glock	-763.8281 -184.6062 176.2390	-0.612 35.367 88.665
weapon_ttt_glock	-815.7935 -120.8683 59.6135	-1.037 -37.601 -91.207
weapon_ttt_glock	-306.9769 103.8335 53.2608	-0.635 33.718 90.993
weapon_ttt_glock	-743.7115 260.2644 82.5692	-1.337 32.415 88.581
weapon_ttt_glock	-839.8842 45.8229 176.2553	-0.542 35.368 88.799
item_ammo_pistol_ttt	-121.1950 1558.4286 117.4534	0.000 1.883 0.069
item_ammo_pistol_ttt	-110.1052 1573.3252 117.4427	-0.427 0.161 -0.000
item_ammo_pistol_ttt	-138.7259 1580.7025 117.4618	-0.044 -0.642 -0.000
item_ammo_pistol_ttt	140.3322 -1025.5691 32.6057	-0.078 -0.021 -0.018
item_ammo_pistol_ttt	139.9612 -1052.6912 32.5699	-0.005 -0.029 0.014
item_ammo_pistol_ttt	790.0945 -816.2664 -133.5281	-78.131 -135.776 171.015
item_ammo_pistol_ttt	782.1747 -749.2706 -135.3892	-80.679 94.383 -16.397
item_ammo_pistol_ttt	786.1607 -578.5826 -133.2571	-77.083 -120.613 -177.608
item_ammo_pistol_ttt	-443.9286 1726.8398 -42.6227	-4.072 -0.004 0.083
item_ammo_pistol_ttt	-444.7604 1776.3669 -42.7107	-4.241 0.641 -0.035
item_ammo_pistol_ttt	528.8060 1545.3666 48.4266	-0.446 0.136 -0.606
item_ammo_pistol_ttt	515.4255 1545.1821 48.4528	-0.636 0.320 -0.496
item_ammo_pistol_ttt	541.6907 1545.3390 48.4541	-0.260 0.116 -0.374
item_ammo_pistol_ttt	1.6666 1004.2426 1.3783	-0.105 -0.020 -0.032
item_ammo_pistol_ttt	2.0242 971.8806 1.3836	-0.101 -0.020 -0.030
item_ammo_pistol_ttt	1.7865 935.9244 1.4290	1.423 0.030 -0.106
item_ammo_pistol_ttt	476.4806 35.3881 58.3972	1.236 0.439 0.211
item_ammo_pistol_ttt	437.5599 38.3234 58.3648	-0.117 -0.019 -0.036
item_ammo_pistol_ttt	457.7839 36.2674 58.3836	-0.101 -0.019 -0.031
item_ammo_pistol_ttt	598.3963 134.3765 58.4854	-0.804 0.067 -0.163
item_ammo_pistol_ttt	728.4236 -32.6395 50.9470	-36.819 87.782 -0.040
item_ammo_pistol_ttt	701.3577 -126.8389 58.5678	-0.826 1.320 0.111
item_ammo_pistol_ttt	872.0500 149.8412 176.3764	-0.107 -0.019 -0.032
item_ammo_pistol_ttt	945.1091 240.0596 176.3836	-0.101 -0.019 -0.031
item_ammo_pistol_ttt	237.3810 -212.6297 239.7505	-0.115 0.025 -0.009
item_ammo_pistol_ttt	244.3833 -274.6085 239.7558	-0.082 -0.022 -0.020
item_ammo_pistol_ttt	-505.7650 -37.1010 56.8709	-0.181 -0.408 -23.956
item_ammo_pistol_ttt	-512.5880 -130.7365 58.4400	-0.707 0.162 -0.593
item_ammo_pistol_ttt	-729.1240 -174.6924 176.3543	-0.126 -0.019 -0.038
item_ammo_pistol_ttt	-707.1237 -174.9613 176.4224	-0.054 0.013 -0.008
item_ammo_pistol_ttt	-726.3986 -33.7304 49.2468	-1.028 77.338 -0.000
item_ammo_pistol_ttt	-754.1497 -33.6207 49.2462	1.057 102.837 -0.006
item_ammo_pistol_ttt	-260.2224 430.1506 32.6751	-1.662 0.053 -0.193
item_ammo_pistol_ttt	-525.0937 283.0743 85.9645	87.199 -179.165 -177.747
item_ammo_pistol_ttt	-937.1619 454.5266 55.9527	-0.721 -0.276 0.578
item_ammo_pistol_ttt	-867.8091 46.0687 176.4136	-0.074 -0.020 -0.023
item_ammo_pistol_ttt	-887.9238 45.2871 176.3499	-0.130 -0.019 -0.039
weapon_ttt_m3	-919.5726 -249.1894 265.4310	-0.092 -14.204 -88.153
weapon_ttt_m3	-429.5448 89.0609 177.4136	-0.339 64.745 86.533
weapon_ttt_m3	-1108.0056 -1360.6687 153.3120	-1.714 10.094 87.510
weapon_ttt_m3	771.1746 -186.1458 17.5069	1.050 130.412 83.702
weapon_ttt_m3	-707.0793 703.9073 23.9340	9.665 0.107 -0.270
weapon_ttt_m3	574.0326 269.3317 141.4379	0.530 -4.001 84.547
weapon_zm_revolver	-974.9333 -1217.4342 89.9058	2.570 -20.510 -83.394
weapon_zm_revolver	147.8288 -431.1684 -126.1131	2.468 -20.320 -83.165
weapon_zm_revolver	-602.0731 2000.7349 -54.8407	1.435 -19.674 -84.659
weapon_zm_revolver	104.4983 1621.3695 -62.4106	-3.557 -0.530 -88.134
weapon_zm_revolver	-1.7594 353.7092 20.9955	4.169 -23.883 -86.829
weapon_zm_revolver	1395.5804 -1458.6610 72.9089	2.562 -20.519 -83.471
weapon_zm_revolver	954.8452 11.3838 309.8654	2.571 -54.929 -84.819
weapon_zm_revolver	270.2246 -115.9242 308.5127	0.900 19.406 87.201
weapon_zm_revolver	308.2174 254.5032 265.9234	1.995 -20.797 -85.805
weapon_zm_revolver	618.5555 95.1276 231.8885	2.616 -20.469 -82.955
weapon_zm_revolver	832.9454 -97.1210 177.8221	2.088 -18.833 -83.509
weapon_zm_revolver	587.6514 -111.1853 93.9401	2.728 -20.117 -83.801
weapon_zm_revolver	-581.2566 -280.7559 129.9235	1.996 -24.293 -85.803
weapon_zm_revolver	-623.2023 -115.1663 230.6505	2.331 134.335 83.740
weapon_zm_revolver	-272.3465 63.0992 194.1117	2.169 -18.466 -83.713
weapon_zm_revolver	-772.3725 63.6643 184.6818	2.081 143.830 85.815
weapon_zm_revolver	-628.2982 64.4355 309.9079	2.565 -20.518 -83.446
weapon_zm_revolver	-635.1262 -67.0186 309.9048	2.573 -20.509 -83.368
weapon_zm_revolver	327.7000 1841.8760 81.8453	2.134 -18.867 -83.756
weapon_zm_revolver	762.2119 34.3273 48.6181	-56.873 67.476 -72.179
ttt_random_weapon	-528.3743 1767.4456 98.0675	2.151 8.592 -91.940
ttt_random_weapon	254.6651 811.9344 41.1711	1.267 6.893 -98.310
ttt_random_weapon	-528.3743 1767.4456 98.0675	2.151 8.592 -91.940
ttt_random_weapon	254.6651 811.9344 41.1711	1.267 6.893 -98.310
ttt_random_weapon	-957.0011 1188.7688 2.1972	1.907 4.928 -92.523
ttt_random_weapon	707.5428 1089.6566 2.1994	1.882 4.926 -92.582
ttt_random_weapon	517.9480 532.8139 -126.7950	1.819 4.928 -92.725
ttt_random_weapon	776.5834 99.4910 185.7435	-2.147 -99.898 86.205
ttt_random_weapon	906.1448 418.7589 177.1924	1.925 5.709 -92.622
ttt_random_weapon	803.8828 324.2423 177.2017	1.827 5.712 -92.824
ttt_random_weapon	683.4075 173.4946 177.2037	1.805 5.714 -92.869
ttt_random_weapon	626.0272 -101.1653 231.7317	-2.289 74.280 86.435
ttt_random_weapon	-450.7374 -411.3225 177.2088	1.751 5.717 -92.980
ttt_random_weapon	-260.7095 -133.9664 194.0433	1.585 85.803 -94.510
ttt_random_weapon	-882.7224 -364.2177 177.1933	1.916 5.709 -92.640
weapon_ttt_tmp	-305.1133 -88.4769 54.7188	-0.424 -24.195 -92.343
weapon_ttt_tmp	-685.1386 185.4730 16.8320	-1.517 29.788 91.542
weapon_ttt_tmp	-497.0723 181.9383 308.7430	-0.482 -22.130 -92.005
weapon_ttt_tmp	-234.2997 1953.6760 80.8292	-1.533 17.745 91.551
weapon_ttt_tmp	651.3794 384.1715 222.8309	-1.524 8.566 91.546
weapon_ttt_sg550	-629.0087 -524.6415 309.5894	0.389 -13.322 -89.220
weapon_ttt_sg550	631.2645 526.1180 309.7100	0.456 -13.053 -91.203
weapon_ttt_sg550	-606.6146 -10.3914 569.6732	0.295 89.926 -90.687
weapon_ttt_sg550	-103.3679 1803.6796 225.4579	0.229 -18.065 -86.387
item_box_buckshot_ttt	-57.7902 1826.3876 124.4189	-0.816 -0.008 0.694
item_box_buckshot_ttt	-87.6834 1881.6705 119.9300	0.717 -0.365 0.353
item_box_buckshot_ttt	-83.9728 1898.7582 100.8244	0.220 -0.128 -1.138
item_box_buckshot_ttt	-1099.1708 -1310.2334 152.4147	-0.770 -0.005 0.684
item_box_buckshot_ttt	-1208.1530 -1317.4052 216.3958	-0.933 -0.002 0.831
item_box_buckshot_ttt	-184.1227 1570.5825 -23.4966	0.773 -0.001 0.514
item_box_buckshot_ttt	-167.8491 1916.1737 -54.5202	0.916 0.006 -0.286
item_box_buckshot_ttt	-435.0595 1906.7424 -54.5592	-0.561 -0.007 0.500
item_box_buckshot_ttt	646.0897 -157.0115 308.4112	0.528 -0.110 0.071
item_box_buckshot_ttt	668.2595 -157.3506 308.3974	0.710 -0.103 0.191
item_box_buckshot_ttt	781.0350 -75.1923 348.5619	0.021 0.774 0.039
item_box_buckshot_ttt	307.1423 453.3512 216.6726	0.126 0.927 -0.377
item_box_buckshot_ttt	247.9278 234.9015 176.4016	-0.862 -0.011 0.767
item_box_buckshot_ttt	255.3827 68.6910 195.8942	-0.606 0.662 -0.965
item_box_buckshot_ttt	1021.2084 -305.1272 50.1829	-0.179 -5.152 0.097
item_box_buckshot_ttt	1033.0349 -109.3845 66.4476	1.579 -0.066 -0.388
item_box_buckshot_ttt	239.7545 -322.1693 48.6884	-0.051 1.676 -0.091
item_box_buckshot_ttt	250.9891 -421.8753 48.5904	-0.355 0.095 0.315
item_box_buckshot_ttt	-1003.0780 -178.9927 222.0558	-1.189 -0.081 0.228
item_box_buckshot_ttt	-836.2897 -81.0703 216.0729	-0.562 0.051 0.041
item_box_buckshot_ttt	-470.4345 38.1681 199.9826	84.117 79.985 -0.453
item_box_buckshot_ttt	-482.5804 94.3405 199.7725	82.019 97.862 10.392
item_box_buckshot_ttt	-261.6205 194.2668 193.1793	0.573 0.035 0.115
item_box_buckshot_ttt	-703.9302 721.1761 20.5259	-0.513 0.001 0.466
item_box_buckshot_ttt	-683.4796 721.2001 20.4532	-0.953 -0.002 0.833
item_box_buckshot_ttt	580.9487 245.5760 152.4538	1.436 -0.083 -0.356
item_box_buckshot_ttt	583.7084 277.9523 128.4355	-0.600 -0.007 0.533
item_box_buckshot_ttt	583.9847 297.8817 116.3801	-0.029 0.002 0.107
weapon_ttt_ak47	-1014.1371 255.1235 208.5110	-0.186 2.593 -87.861
weapon_ttt_ak47	-779.0013 -185.8901 308.0215	-0.059 47.129 -88.470
weapon_ttt_ak47	-553.6651 1592.4528 81.0727	-0.055 -15.275 88.192
weapon_ttt_ak47	402.7242 102.4757 177.0617	-0.012 -16.216 87.551
weapon_ttt_ak47	-408.4991 -360.1075 177.0642	-0.022 -16.217 87.697
item_ammo_smg1_ttt	-339.7559 1984.4020 114.3348	-0.597 1.768 -0.284
item_ammo_smg1_ttt	-341.0935 1939.8027 114.3270	-0.296 1.627 -0.093
item_ammo_smg1_ttt	377.6479 -551.2049 -127.5911	0.239 -0.005 0.149
item_ammo_smg1_ttt	401.2231 -550.9323 -127.5756	0.526 -0.004 0.341
item_ammo_smg1_ttt	-72.9456 1937.0812 -45.7541	-0.052 0.269 -0.007
item_ammo_smg1_ttt	-76.0987 1971.0354 -45.7838	0.499 0.009 0.449
item_ammo_smg1_ttt	1315.0381 -1315.0149 24.5020	0.538 -0.253 0.061
item_ammo_smg1_ttt	1335.7328 -1314.9633 24.5108	-0.189 0.360 0.485
item_ammo_smg1_ttt	259.2156 371.3476 35.9322	0.471 -0.007 0.400
item_ammo_smg1_ttt	275.1572 84.5553 53.7878	-0.194 0.105 -0.146
item_ammo_smg1_ttt	935.0455 -356.3299 213.4630	0.020 0.045 0.142
item_ammo_smg1_ttt	1022.7617 -242.3711 221.4262	-0.127 -0.340 -0.047
item_ammo_smg1_ttt	678.2674 362.1019 258.4902	0.013 0.151 0.025
item_ammo_smg1_ttt	338.0641 -58.5782 216.7185	-1.049 -0.352 -0.886
item_ammo_smg1_ttt	398.3193 -26.0887 216.5611	0.165 -0.049 -0.088
item_ammo_smg1_ttt	-349.7981 -438.1850 35.9310	-0.424 0.096 -0.320
item_ammo_smg1_ttt	-348.8986 -360.7601 43.8298	-89.341 -1.046 -0.568
item_ammo_smg1_ttt	-776.9865 41.8961 58.4500	0.292 3.294 -0.193
item_ammo_smg1_ttt	-766.5085 312.1342 33.4042	0.057 10.875 0.030
item_ammo_smg1_ttt	-474.0960 163.3490 307.5570	0.006 -0.005 -0.000
item_ammo_smg1_ttt	-496.9192 166.0390 307.4737	-0.158 0.440 0.189
item_ammo_smg1_ttt	702.8674 367.9032 258.4789	-0.538 -0.269 -0.074
item_ammo_smg1_ttt	652.2077 362.2287 258.5341	-1.115 0.479 -0.297
item_ammo_smg1_ttt	677.1014 433.6299 176.5014	0.814 0.011 0.605
weapon_zm_shotgun	-42.0951 1826.9563 125.0200	-0.545 -9.243 -86.113
weapon_zm_shotgun	-189.3485 1624.3574 -22.4243	-0.759 7.144 92.089
weapon_zm_shotgun	650.2067 -134.8501 309.0143	-0.443 -9.319 -84.135
weapon_zm_shotgun	347.0229 373.0755 177.2580	-0.765 -15.193 -92.641
weapon_zm_shotgun	992.6893 -361.9673 36.4395	-0.490 -69.740 -84.165
weapon_zm_shotgun	325.7983 -344.6321 41.9182	-32.439 -6.316 96.897
weapon_zm_shotgun	-1018.8494 -142.9168 225.7366	-1.519 6.700 83.798
weapon_zm_shotgun	-486.7956 75.9481 184.9933	-0.756 -42.228 -86.122
weapon_ttt_m16	-304.9631 1772.2849 99.2154	2.249 -44.273 -85.273
weapon_ttt_m16	782.1483 -860.3380 -140.8203	2.033 -8.317 84.576
weapon_ttt_m16	-4.2729 1073.3035 2.1727	2.184 -8.225 84.402
weapon_ttt_m16	496.6874 124.0884 59.1604	2.240 4.527 84.206
weapon_ttt_m16	943.5365 146.9315 177.1963	2.457 -8.450 84.620
weapon_ttt_m16	-836.6423 -188.6889 39.2894	-43.903 -9.549 91.127
weapon_zm_molotov	-222.4044 1775.4410 84.5457	0.229 -0.195 -0.045
weapon_zm_molotov	588.5452 1705.3379 72.1593	0.620 -0.501 -5.395
weapon_zm_molotov	185.6410 1721.2103 -19.2567	1.181 1.364 0.532
weapon_zm_molotov	1481.5841 -1388.2285 69.1052	-0.632 0.133 -0.454
weapon_zm_molotov	342.0844 31.6991 184.8094	4.114 -0.037 -0.651
weapon_zm_molotov	-258.2764 -65.9695 211.4356	40.250 0.357 -89.805
weapon_zm_molotov	-662.9270 -92.7856 216.6425	0.368 0.003 0.104
weapon_zm_molotov	-734.8057 -289.6689 84.1731	-78.442 -94.077 90.649
weapon_zm_molotov	-786.6586 -29.4475 67.5759	2.691 -0.331 0.205
weapon_zm_molotov	-633.4669 93.7444 231.5366	47.509 63.160 87.780
weapon_zm_molotov	-1006.6235 459.2434 177.6085	45.987 -12.789 89.979
weapon_zm_rifle	-638.4078 532.5702 309.3416	3.309 9.485 65.174
weapon_zm_rifle	629.5056 -524.6917 309.3914	3.180 -24.516 67.350
weapon_zm_rifle	-1123.5956 -1171.7301 281.3540	3.308 11.773 65.271
weapon_zm_rifle	-103.3955 1751.3010 225.3161	3.337 11.487 64.543
weapon_zm_rifle	650.8265 -10.1710 569.3054	3.449 115.517 65.363
weapon_zm_rifle	953.4728 1700.0615 253.6143	3.322 7.404 64.903
weapon_ttt_famas	-511.4648 436.3152 25.7604	19.370 -21.407 -96.736
weapon_ttt_famas	-375.4178 1844.7773 102.1055	-0.016 -90.553 84.498
weapon_ttt_famas	688.7057 -1122.1628 -130.7291	14.891 11.629 93.724
weapon_ttt_famas	480.7136 181.4091 308.3178	0.051 -55.599 89.754
weapon_ttt_famas	908.7637 275.7354 17.2702	0.000 16.398 89.234
weapon_zm_sledge	140.0885 -1212.2726 36.5039	18.046 96.256 3.473
weapon_zm_sledge	535.3624 1683.3541 74.0956	18.212 2.147 2.709
weapon_zm_sledge	744.8069 -351.0131 45.8306	8.833 96.936 3.336
weapon_zm_sledge	-265.9120 238.9075 20.4203	18.523 0.177 2.820
weapon_zm_sledge	-881.1740 298.0574 180.4183	18.499 0.187 2.843
ttt_random_ammo	127.5299 1889.4056 80.3422	0.046 0.000 -0.021
ttt_random_ammo	161.9844 1950.8015 80.3512	0.051 0.000 -0.011
ttt_random_ammo	-517.7751 1728.5360 97.3797	-0.018 0.220 0.020
ttt_random_ammo	-531.6367 1725.9316 97.3173	0.357 3.581 0.964
ttt_random_ammo	-526.5676 1721.1201 97.3015	0.016 0.043 0.319
ttt_random_ammo	194.2118 1777.5518 99.5735	-1.024 19.817 89.964
ttt_random_ammo	123.4934 1547.8281 96.7363	-0.150 -0.364 -0.335
ttt_random_ammo	330.0208 1550.9237 80.3745	0.116 0.000 0.080
ttt_random_ammo	-523.0239 1991.8312 -42.1310	0.404 -0.365 -4.627
ttt_random_ammo	271.9385 671.7897 40.5665	0.948 2.234 8.567
ttt_random_ammo	618.3419 810.7216 43.0304	1.610 -0.159 -96.914
ttt_random_ammo	630.0748 672.3952 36.8896	0.238 0.169 3.106
ttt_random_ammo	127.5299 1889.4056 80.3422	0.046 0.000 -0.021
ttt_random_ammo	161.9844 1950.8015 80.3512	0.051 0.000 -0.011
ttt_random_ammo	127.5299 1889.4056 80.3422	0.046 0.000 -0.021
ttt_random_ammo	161.9844 1950.8015 80.3512	0.051 0.000 -0.011
ttt_random_ammo	-517.7751 1728.5360 97.3797	-0.018 0.220 0.020
ttt_random_ammo	-531.6367 1725.9316 97.3173	0.357 3.581 0.964
ttt_random_ammo	-526.5676 1721.1201 97.3015	0.016 0.043 0.319
ttt_random_ammo	194.2118 1777.5518 99.5735	-1.024 19.817 89.964
ttt_random_ammo	123.4934 1547.8281 96.7363	-0.150 -0.364 -0.335
ttt_random_ammo	330.0208 1550.9237 80.3745	0.116 0.000 0.080
ttt_random_ammo	-523.0239 1991.8312 -42.1310	0.404 -0.365 -4.627
ttt_random_ammo	271.9385 671.7897 40.5665	0.948 2.234 8.567
ttt_random_ammo	618.3419 810.7216 43.0304	1.610 -0.159 -96.914
ttt_random_ammo	630.0748 672.3952 36.8896	0.238 0.169 3.106
ttt_random_ammo	-539.4641 1737.2117 -63.6272	0.109 0.000 0.069
ttt_random_ammo	-637.8495 1057.7502 1.3840	0.244 0.001 0.239
ttt_random_ammo	-329.4027 1247.5675 1.3825	0.216 0.001 0.204
ttt_random_ammo	198.4681 1014.4504 1.3745	0.121 0.000 0.085
ttt_random_ammo	489.2693 1253.5405 1.3692	0.091 0.000 0.045
ttt_random_ammo	2.1813 537.2594 16.3745	0.121 0.000 0.085
ttt_random_ammo	-5.9416 -573.3923 16.3575	0.060 -0.000 -0.001
ttt_random_ammo	732.8262 -73.2754 348.4786	-0.112 -0.786 0.005
ttt_random_ammo	718.7910 92.1234 350.8303	0.057 22.028 -89.952
ttt_random_ammo	831.2413 72.3239 348.4989	-0.405 0.619 0.366
ttt_random_ammo	836.6780 175.4709 348.4122	-0.189 1.625 0.213
ttt_random_ammo	484.1406 564.9569 -127.6308	0.091 0.000 0.045
ttt_random_ammo	520.6783 566.2214 -127.6206	0.170 0.001 0.147
ttt_random_ammo	471.8643 70.8167 200.6550	7.387 64.338 -89.384
ttt_random_ammo	784.3498 63.7880 184.3304	0.047 -0.000 0.029
ttt_random_ammo	783.5788 40.0945 184.3727	0.110 -0.000 -0.070
ttt_random_ammo	935.3236 320.7609 176.3554	0.054 -0.000 0.004
ttt_random_ammo	815.6139 422.1049 176.4030	1.688 -0.029 -2.019
ttt_random_ammo	856.6660 367.4646 176.3838	0.230 -0.001 -0.224
ttt_random_ammo	549.6168 -70.4074 176.3400	0.048 0.000 -0.023
ttt_random_ammo	699.0782 -69.2381 176.3728	0.111 0.000 0.071
ttt_random_ammo	-552.2174 -73.7117 176.3745	0.123 0.000 0.087
ttt_random_ammo	-339.9644 -123.5980 176.3227	0.045 0.000 -0.032
ttt_random_ammo	-336.0109 -228.4278 176.3793	0.161 -0.001 -0.138
ttt_random_ammo	-256.5070 -434.4039 193.2288	-0.030 4.378 -1.665
ttt_random_ammo	-254.5546 -244.8407 176.3777	0.144 -0.001 -0.115
ttt_random_ammo	-414.1978 -248.5164 176.3777	0.143 -0.001 -0.115
ttt_random_ammo	-955.8787 -362.2892 176.3727	0.104 -0.000 -0.065
ttt_random_ammo	-831.3660 -366.0883 176.4909	0.492 1.893 -0.596
ttt_random_ammo	-656.4000 96.3546 212.5124	-0.012 0.165 -0.129
ttt_random_ammo	-602.2629 97.3849 212.5262	0.004 -0.129 0.086
ttt_random_ammo	-239.9596 259.5094 205.7263	0.017 0.000 -0.065
weapon_zm_mac10	-302.0560 1992.6437 81.0403	-0.053 66.066 88.513
weapon_zm_mac10	-333.7443 1990.5240 80.9277	-0.285 -98.200 88.099
weapon_zm_mac10	331.4394 -549.5094 -126.7431	-0.218 -37.666 -88.546
weapon_zm_mac10	327.4235 1833.1033 -39.4771	-0.169 74.929 90.046
weapon_zm_mac10	1290.7726 -1313.0282 25.2642	-0.099 -37.598 -88.539
weapon_zm_mac10	374.3385 440.0340 34.1075	-0.426 7.383 -87.806
weapon_zm_mac10	745.8233 -282.3815 224.1765	0.285 -40.108 -88.625
weapon_zm_mac10	685.6711 386.4472 223.3026	-0.230 -44.570 -88.513
weapon_zm_mac10	295.0503 -36.7934 217.4332	0.189 -58.253 -87.602
weapon_zm_mac10	-325.8355 -432.4747 36.7041	-0.477 -43.811 -88.457
weapon_zm_mac10	-958.1993 99.6481 54.6467	0.716 -50.514 -87.608
item_ammo_357_ttt	-613.6255 512.1600 308.3700	0.458 0.059 0.039
item_ammo_357_ttt	-639.8577 510.1023 308.3637	0.457 0.060 0.042
item_ammo_357_ttt	611.9088 -515.9889 308.3653	0.458 0.060 0.041
item_ammo_357_ttt	612.9294 -531.4310 308.4533	0.408 -7.977 0.165
item_ammo_357_ttt	-1110.0168 -1213.7949 280.3605	0.457 0.060 0.043
item_ammo_357_ttt	-1124.9121 -1214.3474 280.3605	0.457 0.060 0.043
item_ammo_357_ttt	-96.7671 1630.8638 224.4485	1.410 -0.102 -0.548
item_ammo_357_ttt	-600.9897 1632.2391 224.3609	0.467 0.060 0.040
item_ammo_357_ttt	612.0747 38.2229 568.3588	0.456 0.062 0.044
item_ammo_357_ttt	614.5436 -39.6483 568.3669	0.458 0.060 0.041
item_ammo_357_ttt	1037.4796 1655.9186 252.6265	0.457 0.060 0.043
item_ammo_357_ttt	971.5662 1661.8248 252.6282	0.457 0.060 0.043
item_ammo_357_ttt	-644.7982 23.0873 568.3621	0.457 0.060 0.043
item_ammo_357_ttt	-645.7816 -29.0889 568.3425	0.453 0.064 0.050
item_ammo_357_ttt	-651.2856 -520.6432 308.3536	0.455 0.062 0.046
item_ammo_357_ttt	-606.9738 -503.6685 308.3605	0.457 0.060 0.043
item_ammo_357_ttt	-609.7568 -539.5328 308.3554	0.456 0.062 0.045
item_ammo_357_ttt	648.9610 505.5527 308.3101	0.447 0.074 0.063
item_ammo_357_ttt	604.2481 526.4330 308.3669	0.458 0.060 0.041
item_ammo_357_ttt	647.6890 537.4603 308.3519	0.455 0.062 0.047
item_ammo_357_ttt	-90.5267 1777.3677 224.3625	0.467 0.060 0.039
item_ammo_revolver_ttt	332.1919 2005.6110 80.3592	0.467 0.062 0.040
item_ammo_revolver_ttt	335.5124 1978.5452 80.3523	0.466 0.062 0.043
item_ammo_revolver_ttt	-945.1324 -1216.2538 72.3605	0.457 0.060 0.043
item_ammo_revolver_ttt	-908.4594 -1212.8011 56.3685	0.458 0.059 0.040
item_ammo_revolver_ttt	-879.4151 -1208.1559 40.3653	0.458 0.060 0.041
item_ammo_revolver_ttt	-160.5482 -417.1082 -127.6429	0.455 0.060 0.045
item_ammo_revolver_ttt	-625.6642 -636.5198 -118.9136	-12.126 0.737 -0.195
item_ammo_revolver_ttt	-6.3781 -4.3443 -127.6829	0.448 0.073 0.061
item_ammo_revolver_ttt	-574.4783 1995.8551 -56.0937	0.438 -0.492 -0.111
item_ammo_revolver_ttt	-606.6113 1994.6194 -56.1129	0.438 -0.521 -0.111
item_ammo_revolver_ttt	-582.5865 1999.0017 -56.1053	0.438 -0.546 -0.111
item_ammo_revolver_ttt	-588.8716 1990.9344 -56.1012	0.306 6.104 -0.115
item_ammo_revolver_ttt	108.3932 1630.1865 -21.1006	-3.914 0.368 0.020
item_ammo_revolver_ttt	110.1228 1610.3717 -20.9844	-3.912 -1.088 0.131
item_ammo_revolver_ttt	89.3777 1610.1064 -22.6024	-4.068 -0.238 0.023
item_ammo_revolver_ttt	91.3908 1631.6041 -22.5167	-4.330 -0.057 -0.122
item_ammo_revolver_ttt	-2.0509 242.7835 19.2623	-2.096 -0.379 0.089
item_ammo_revolver_ttt	-2.0202 124.7358 20.1907	-3.374 -0.215 -0.375
item_ammo_revolver_ttt	-5.0178 -63.0931 19.7925	-0.653 -0.226 0.096
item_ammo_revolver_ttt	1384.1996 -1460.8629 71.3621	0.457 0.060 0.043
item_ammo_revolver_ttt	1372.9529 -1461.0157 71.3653	0.458 0.060 0.041
item_ammo_revolver_ttt	1363.0181 -1461.0864 71.3637	0.457 0.060 0.042
item_ammo_revolver_ttt	1352.7802 -1460.5276 71.3605	0.457 0.060 0.043
item_ammo_revolver_ttt	941.3397 4.5273 308.4337	1.158 -0.172 -0.997
item_ammo_revolver_ttt	950.8544 6.0361 308.4344	0.980 -0.299 -0.861
item_ammo_revolver_ttt	932.5930 6.0210 308.4554	0.734 -0.411 -0.391
item_ammo_revolver_ttt	294.2319 -121.4014 313.0166	0.256 3.008 -89.156
item_ammo_revolver_ttt	302.8794 -121.8212 313.0884	0.003 9.414 -89.612
item_ammo_revolver_ttt	310.7965 -121.9886 313.0554	0.510 0.918 -89.320
item_ammo_revolver_ttt	333.3298 257.8100 264.3721	0.662 -0.076 0.010
item_ammo_revolver_ttt	351.5395 257.8227 264.3642	0.617 -0.175 -0.085
item_ammo_revolver_ttt	296.2729 256.7520 264.3886	1.056 0.677 -0.005
item_ammo_revolver_ttt	598.9199 96.1237 212.5569	0.456 -0.045 -0.015
item_ammo_revolver_ttt	598.2632 43.7832 193.2319	-5.622 0.143 0.780
item_ammo_revolver_ttt	660.4803 95.0767 212.4966	0.431 -0.051 -0.033
item_ammo_revolver_ttt	660.6363 44.1203 193.0464	6.151 0.363 6.886
item_ammo_revolver_ttt	1033.8522 -112.5980 226.4730	1.284 -0.431 -0.536
item_ammo_revolver_ttt	1033.8336 -361.6456 226.4722	1.045 -0.351 -0.377
item_ammo_revolver_ttt	532.4624 -33.5067 49.2093	0.763 -1.467 -0.849
item_ammo_revolver_ttt	504.2891 -36.6118 51.5218	-1.004 -0.635 -29.984
item_ammo_revolver_ttt	461.3768 -130.4310 58.4384	0.772 0.011 0.028
item_ammo_revolver_ttt	-573.6583 -230.3020 164.4270	0.786 -0.313 -0.826
item_ammo_revolver_ttt	-576.7740 -343.6730 80.3657	0.467 0.060 0.038
item_ammo_revolver_ttt	-474.7619 -75.2330 198.7032	72.580 -21.042 0.556
item_ammo_revolver_ttt	-774.9384 -68.9431 199.2840	67.343 -2.226 -0.388
item_ammo_revolver_ttt	-662.1452 -44.7687 192.9860	-4.837 0.248 -8.919
item_ammo_revolver_ttt	-495.1047 284.0958 197.2675	-3.326 1.103 5.448
item_ammo_revolver_ttt	-449.0110 313.9313 198.1486	0.304 0.006 0.022
item_ammo_revolver_ttt	-239.9186 333.6553 205.7147	0.412 0.053 0.028
item_ammo_revolver_ttt	-787.9325 96.4755 200.1342	64.233 3.537 -0.390
item_ammo_revolver_ttt	-790.7775 40.5829 199.3112	71.598 4.192 -0.088
item_ammo_revolver_ttt	-774.2397 73.2990 199.3720	65.006 19.341 3.114
item_ammo_revolver_ttt	-639.7521 7.1220 308.3761	0.057 1.863 0.257
item_ammo_revolver_ttt	-618.8279 -2.4130 308.4347	0.929 -0.299 -0.820
item_ammo_revolver_ttt	-523.5499 -65.5505 348.4962	0.507 -0.126 -0.015
item_ammo_revolver_ttt	-819.7036 -66.7766 348.4782	0.619 -0.079 -0.196
item_ammo_revolver_ttt	-676.4867 -376.0702 307.7133	0.682 -0.111 0.073
item_ammo_revolver_ttt	720.1514 37.4389 53.3203	0.658 -2.862 89.592
item_ammo_revolver_ttt	731.0952 38.4381 53.3020	-0.688 -1.744 89.503
item_ammo_revolver_ttt	761.0385 133.2167 58.3351	0.464 0.067 0.049
ttt_playerspawn	-261.8328 1985.6808 80.3749	0.002 -56.297 0.002
ttt_playerspawn	-390.7886 1670.2993 80.3985	-0.001 0.000 0.001
ttt_playerspawn	-1014.8596 -1213.8542 88.3873	-0.016 0.000 -0.016
ttt_playerspawn	235.3007 -553.5993 -127.6208	-0.016 0.000 0.016
ttt_playerspawn	232.0150 -1151.0487 -45.5612	0.010 -0.403 0.048
ttt_playerspawn	486.0448 1731.9705 48.4325	0.013 -0.108 -0.018
ttt_playerspawn	-0.0325 1618.6814 -134.6114	0.025 0.000 -0.025
ttt_playerspawn	-331.8936 1753.3324 -63.6314	-0.017 0.000 0.017
ttt_playerspawn	1396.7493 -1387.6488 24.3864	0.025 0.000 -0.025
ttt_playerspawn	401.2801 248.9402 16.3256	0.012 0.000 -0.012
ttt_playerspawn	328.1631 239.9298 176.4484	0.002 4.077 0.026
ttt_playerspawn	934.6605 -196.6200 16.4192	0.007 -64.280 -0.008
ttt_playerspawn	891.3326 -230.6003 176.3547	0.010 0.000 -0.010
ttt_playerspawn	414.8588 -290.8460 176.4812	0.000 0.000 -0.002
ttt_playerspawn	414.4178 -273.0290 16.4313	0.085 -0.184 0.045
ttt_playerspawn	-497.6083 -241.8919 176.3577	-0.057 -11.323 0.006
ttt_playerspawn	-579.1021 -199.6313 16.3793	0.027 0.000 -0.027
ttt_playerspawn	-930.2327 -148.5670 176.3337	-0.012 -0.000 -0.012
ttt_playerspawn	-902.8400 -241.6526 16.4507	0.003 0.000 -0.003
ttt_playerspawn	-223.3768 1132.6249 1.4008	0.022 0.000 -0.022
ttt_playerspawn	-417.1909 263.7747 16.4467	0.022 -0.171 -0.010
ttt_playerspawn	-350.1211 296.9787 176.4003	0.007 0.000 -0.007
ttt_playerspawn	-900.3431 273.8445 16.3932	0.015 0.023 -0.027
ttt_playerspawn	-864.8126 255.8611 176.3433	0.011 0.000 -0.011
item_ammo_rifle_ttt	-910.8267 -392.7213 38.2344	0.083 0.017 0.037
item_ammo_rifle_ttt	-940.0826 -380.9687 38.2066	0.051 0.017 -0.010
item_ammo_rifle_ttt	-933.0337 -44.7386 53.7229	0.185 1.108 -0.090
item_ammo_rifle_ttt	-559.9265 409.4034 32.4556	-0.270 0.007 -0.355
item_ammo_rifle_ttt	-563.4463 443.9969 32.3982	-0.088 -0.020 -0.027
item_ammo_rifle_ttt	-540.2902 427.7112 32.3382	-0.140 -0.019 -0.043
item_ammo_rifle_ttt	-996.6312 209.3620 208.0105	-0.017 0.461 0.007
item_ammo_rifle_ttt	-1022.4529 275.2013 176.3707	-0.112 -0.019 -0.034
item_ammo_rifle_ttt	-1014.0323 273.7356 176.3870	-0.098 -0.020 -0.030
item_ammo_rifle_ttt	-785.2010 -168.1020 307.3975	-0.280 0.596 0.062
item_ammo_rifle_ttt	-759.2656 -185.1995 307.4622	0.004 -0.380 -0.000
item_ammo_rifle_ttt	-283.0125 1776.8881 97.3419	0.356 0.066 -0.071
item_ammo_rifle_ttt	-320.6275 1776.5177 97.2925	-1.439 -2.205 -0.006
item_ammo_rifle_ttt	-614.2578 1624.3527 99.2310	3.057 -0.129 -0.002
item_ammo_rifle_ttt	-609.0607 1573.1202 116.7227	-0.024 -0.045 -0.009
item_ammo_rifle_ttt	690.4153 -1099.7258 -129.2118	74.687 179.719 -178.619
item_ammo_rifle_ttt	695.7402 -1150.9227 -130.6406	74.628 179.985 -178.108
item_ammo_rifle_ttt	971.0074 99.2409 176.3764	-0.107 -0.019 -0.032
item_ammo_rifle_ttt	910.9822 82.3562 176.3382	-0.140 -0.019 -0.043
item_ammo_rifle_ttt	493.1794 179.8849 307.4386	0.047 0.021 -0.013
item_ammo_rifle_ttt	469.8942 167.4104 307.3712	0.098 0.021 -0.027
item_ammo_rifle_ttt	525.0577 176.6402 308.3745	-0.108 -0.019 -0.033
item_ammo_rifle_ttt	862.5059 284.6469 16.3783	-0.105 -0.019 -0.032
item_ammo_rifle_ttt	885.2914 284.4355 16.3903	-0.095 -0.020 -0.029
item_ammo_rifle_ttt	418.8539 72.0037 176.4210	-0.068 -0.020 -0.021
item_ammo_rifle_ttt	395.0838 75.0845 176.3282	-0.149 -0.018 -0.045
item_ammo_rifle_ttt	-371.2952 -336.2269 176.3836	-0.101 -0.019 -0.031
item_ammo_rifle_ttt	-405.5898 -338.2571 176.3453	-0.134 -0.019 -0.041
item_ammo_rifle_ttt	-396.1966 -392.4951 176.3801	-0.104 -0.019 -0.031
item_ammo_rifle_ttt	1.7035 1098.6174 1.3903	-0.095 -0.020 -0.029
item_ammo_rifle_ttt	1.9612 1134.7439 1.3818	-0.102 -0.020 -0.031
weapon_ttt_smokegrenade	75.9665 2008.8324 84.5853	0.162 -0.222 -0.029
weapon_ttt_smokegrenade	-527.2709 1701.7225 118.1991	8.401 0.443 -92.349
weapon_ttt_smokegrenade	333.6429 -1042.3010 -25.4078	2.611 -0.133 -2.694
weapon_ttt_smokegrenade	152.1041 509.2310 -123.3963	2.278 -0.124 -2.347
weapon_ttt_smokegrenade	-1060.9779 731.1258 71.0316	0.908 1.963 2.417
weapon_ttt_smokegrenade	342.1799 354.5205 57.5286	4.217 0.229 1.170
weapon_ttt_smokegrenade	832.5936 -105.9507 220.9174	-4.147 -0.293 -2.278
weapon_ttt_smokegrenade	314.6258 -164.7108 20.5622	0.201 -0.209 -0.038
weapon_ttt_smokegrenade	-339.7365 -203.1540 20.6079	0.124 -0.230 -0.020
weapon_ttt_smokegrenade	-440.6782 120.3857 62.6577	4.619 -0.059 -1.187
weapon_ttt_smokegrenade	-832.5060 215.2574 34.3848	57.856 -133.086 90.788
weapon_ttt_confgrenade	-602.3968 1903.8401 121.6522	0.354 -0.620 -0.906
weapon_ttt_confgrenade	-903.3729 -1145.4115 59.5059	2.265 0.264 -0.676
weapon_ttt_confgrenade	-159.3680 450.4347 -124.4671	1.390 -0.139 0.355
weapon_ttt_confgrenade	-704.9739 1847.5106 45.5885	-42.647 111.064 -144.563
weapon_ttt_confgrenade	495.7754 30.5045 50.7139	35.451 -127.651 -109.951
weapon_ttt_confgrenade	822.9470 -29.3201 61.5016	2.313 0.258 -0.731
weapon_ttt_confgrenade	251.7717 -365.3635 198.0436	1.541 0.225 -0.645
weapon_ttt_confgrenade	-394.7798 -59.4161 196.4342	-0.053 0.600 -1.286
weapon_ttt_confgrenade	-528.8877 31.8890 50.8899	81.844 -142.609 -156.329
weapon_ttt_confgrenade	-660.9829 43.9143 190.1938	12.967 96.772 117.956
