# Trouble in Terrorist Town weapon/ammo placement overrides
# For map: gm_construct
# Exported by: [BB] EraYaN
setting:	replacespawns 1
weapon_ttt_knife	800.1121 762.5957 -147.1216	2.643 -69.143 -90.698
weapon_ttt_knife	812.3754 774.9241 -147.1158	2.666 -81.479 -90.703
weapon_ttt_knife	820.2305 750.6794 -147.6756	-20.605 -63.380 -83.777
weapon_ttt_knife	818.8041 751.9352 -147.4780	-1.487 64.389 90.734
weapon_ttt_knife	804.5422 765.1361 -147.2328	1.460 -64.525 -89.309
weapon_ttt_knife	807.0703 768.9750 -147.2333	1.438 -63.035 -89.287
weapon_ttt_knife	812.6788 766.3574 -144.9064	25.573 -59.400 -79.064
weapon_ttt_knife	812.1345 753.5848 -147.0405	-1.041 73.306 94.892
weapon_ttt_knife	795.2632 772.9346 -147.1210	2.625 -70.036 -90.700
weapon_ttt_knife	808.3572 773.0435 -147.1165	2.677 -78.258 -90.681
weapon_ttt_knife	817.2189 762.8604 -146.1516	3.313 -63.649 -95.927
weapon_ttt_knife	819.1394 766.2590 -145.7076	16.216 12.694 78.380
weapon_ttt_knife	823.5898 761.6174 -150.0180	-79.648 -3.708 -169.107
weapon_ttt_knife	818.8781 775.2861 -148.1550	-20.777 -12.608 -109.370
weapon_ttt_knife	842.7880 762.1682 -143.4027	-2.491 69.838 90.877
weapon_ttt_knife	786.1666 755.8231 -144.5979	29.093 -68.444 -77.042
weapon_ttt_knife	786.1447 758.9761 -147.1182	2.823 -76.060 -91.263
weapon_ttt_knife	777.4694 762.3663 -147.1750	2.092 -62.178 -91.000
weapon_ttt_knife	787.2422 765.1251 -147.3189	0.509 -62.057 -88.206
weapon_ttt_knife	798.5319 767.2650 -147.2112	-6.710 -78.514 -84.488
weapon_ttt_knife	802.1440 771.4230 -146.0808	2.171 -97.796 -89.794
weapon_ttt_knife	805.6750 770.0936 -145.5083	1.865 -60.946 -97.865
item_ammo_pistol_ttt	1003.0110 -894.1622 -143.6358	0.060 0.000 0.027
item_ammo_pistol_ttt	977.5818 -895.7509 -143.5796	-0.055 0.071 0.000
item_ammo_pistol_ttt	932.8211 -898.6048 -143.5826	-0.599 0.341 -0.209
item_ammo_pistol_ttt	895.2202 -900.9124 -143.5383	0.016 -2.263 0.428
item_ammo_pistol_ttt	854.1484 -903.4702 -143.5726	1.285 -0.055 0.066
item_ammo_pistol_ttt	816.7295 -905.8389 -143.5929	0.016 0.027 0.000
item_ammo_pistol_ttt	748.7763 -898.4739 -143.5686	-0.461 0.313 -0.165
item_ammo_pistol_ttt	707.2729 -896.6254 -143.6416	-0.209 0.055 -0.016
item_ammo_pistol_ttt	669.7813 -897.8867 -143.6175	-0.417 0.049 -0.055
item_ammo_pistol_ttt	620.9613 -893.2582 -144.4836	-0.549 -1.478 -20.314
item_ammo_pistol_ttt	579.6902 -895.8173 -143.5332	-0.225 -0.434 -27.279
item_ammo_pistol_ttt	542.0802 -898.3583 -143.6441	-0.066 0.066 -0.044
item_ammo_pistol_ttt	500.9138 -900.8524 -143.6433	-0.137 0.027 0.038
weapon_ttt_rbull	579.0893 -842.2500 -144.6235	20.577 1.033 0.280
weapon_ttt_rbull	591.7524 -835.7888 -146.0235	0.126 -23.373 -89.995
weapon_ttt_rbull	601.0674 -839.6931 -144.9241	-0.137 -2.977 117.587
weapon_ttt_rbull	611.5490 -837.4694 -146.0416	0.044 -8.503 -89.797
weapon_ttt_rbull	611.4550 -836.7452 -142.2564	15.496 -10.470 93.889
weapon_ttt_rbull	613.5921 -849.1616 -147.2393	-0.181 20.973 88.687
weapon_ttt_rbull	619.5410 -838.1409 -140.8157	17.743 -23.708 -98.536
weapon_zm_revolver	619.5475 156.9514 -146.1549	2.307 -30.646 -87.572
weapon_zm_revolver	630.5098 159.6452 -147.5525	-31.179 -25.966 -85.441
weapon_zm_revolver	628.1371 165.5925 -146.8215	-27.070 -29.855 -104.936
weapon_zm_revolver	629.0468 156.9986 -147.3200	-22.258 36.359 68.049
weapon_zm_revolver	623.9052 173.4937 -147.4015	1.791 -0.406 89.286
weapon_zm_revolver	633.5715 170.8099 -143.7629	-10.085 -47.604 -78.217
weapon_zm_revolver	627.0076 160.0370 -145.1126	-18.814 66.335 -117.598
weapon_zm_revolver	622.8551 156.9707 -143.7100	2.131 -5.466 -4.482
weapon_ttt_sipistol	803.5102 890.7311 -147.8368	0.123 37.835 90.026
weapon_ttt_sipistol	811.6917 889.9680 -146.8117	-0.222 42.344 105.650
weapon_ttt_sipistol	800.8982 894.7595 -146.2875	13.055 34.244 72.231
weapon_ttt_sipistol	808.7215 897.8080 -145.4423	19.957 19.577 59.972
weapon_ttt_sipistol	801.4024 898.5247 -144.5949	27.364 30.248 41.261
weapon_ttt_sipistol	809.1455 904.6979 -145.9856	15.511 2.325 67.442
weapon_ttt_sipistol	811.0718 894.1054 -144.9121	24.830 24.775 46.582
weapon_ttt_sipistol	808.6512 897.0901 -140.9590	11.504 -8.047 -111.614
weapon_ttt_f2000	620.1010 -82.3336 -143.5959	-0.121 6.487 77.668
weapon_ttt_f2000	624.4717 -76.0860 -143.0643	-0.439 5.680 67.115
weapon_ttt_f2000	628.3162 -72.4732 -142.3484	3.087 7.031 47.307
weapon_ttt_f2000	629.7821 -68.7623 -142.1744	5.713 11.755 41.852
weapon_ttt_f2000	626.5353 -58.5393 -142.5163	-5.625 11.959 89.665
weapon_ttt_f2000	629.7538 -67.0069 -139.1181	5.235 16.161 44.220
item_ammo_smg1_ttt	1003.3391 -844.1370 -143.4996	-0.022 -0.011 0.110
item_ammo_smg1_ttt	1000.0042 -824.3135 -143.4661	-0.522 0.346 -0.148
item_ammo_smg1_ttt	974.2836 -846.9208 -143.5756	0.533 0.000 0.346
item_ammo_smg1_ttt	940.6786 -850.1093 -143.4948	-0.527 0.005 -0.406
item_ammo_smg1_ttt	904.5300 -851.7925 -143.6136	0.088 0.000 0.044
item_ammo_smg1_ttt	867.3507 -855.6512 -143.5798	0.423 0.000 0.269
item_ammo_smg1_ttt	833.7901 -859.2136 -143.5934	0.209 0.000 0.126
item_ammo_smg1_ttt	796.5013 -863.1958 -143.5798	0.423 0.000 0.269
item_ammo_smg1_ttt	763.2978 -865.5296 -143.6190	0.066 0.000 0.033
item_ammo_smg1_ttt	712.2967 -866.2314 -143.4716	-0.181 0.011 -0.159
item_ammo_smg1_ttt	687.3010 -867.6029 -143.6057	0.121 0.000 0.066
item_ammo_smg1_ttt	657.5101 -869.1489 -143.6094	-0.088 -0.044 -0.038
item_ammo_smg1_ttt	737.0861 -867.2053 -143.4800	-0.236 0.011 -0.203
weapon_ttt_m16	623.6717 204.8210 -146.0803	-9.240 -8.069 86.375
weapon_ttt_m16	636.9279 213.3566 -142.8093	1.945 -5.164 85.084
weapon_ttt_m16	635.5750 216.4390 -140.2292	4.208 -11.272 74.416
weapon_ttt_m16	639.4514 218.2330 -138.2730	9.360 -9.080 65.759
weapon_ttt_m16	641.8560 208.5347 -135.9611	9.728 -14.425 126.233
weapon_ttt_m16	651.2830 228.8009 -142.8123	1.983 -20.017 84.886
weapon_ttt_m16	654.4304 225.8764 -138.4890	3.774 -34.547 -96.504
weapon_zm_sledge	619.6470 -273.8464 -145.9845	-9.025 11.926 81.881
weapon_zm_sledge	620.1987 -260.1656 -145.7973	-9.229 11.497 83.134
weapon_zm_sledge	623.3047 -246.3999 -142.2453	-11.766 -14.793 -119.636
weapon_zm_sledge	629.2359 -254.2374 -138.1706	16.628 11.371 56.140
weapon_zm_sledge	629.8687 -235.1611 -140.9936	-16.765 2.642 -130.518
weapon_zm_sledge	638.6698 -241.8270 -138.8516	15.397 18.474 57.228
weapon_ttt_glock	614.4829 -201.5932 -146.4489	-1.077 25.433 91.917
weapon_ttt_glock	617.2570 -192.3042 -146.2903	-0.934 20.248 92.082
weapon_ttt_glock	616.8828 -186.1289 -146.1971	-1.060 24.395 92.054
weapon_ttt_glock	613.1922 -190.1527 -144.6288	-0.829 12.250 92.252
weapon_ttt_glock	618.6008 -197.6859 -144.4280	-1.110 23.621 -51.114
weapon_ttt_glock	617.8583 -195.1098 -141.5351	14.458 1.011 126.381
weapon_ttt_glock	607.0814 -191.7691 -146.9146	-27.565 13.222 96.136
weapon_ttt_glock	610.4564 -183.6655 -144.8395	4.746 -10.805 47.131
weapon_ttt_glock	614.8035 -185.0127 -142.4750	19.698 10.816 57.393
weapon_ttt_glock	619.6174 -188.0346 -137.3994	64.358 -34.481 -59.046
weapon_zm_molotov	629.6852 -19.8196 -144.4798	83.765 69.873 86.896
weapon_zm_molotov	637.4224 -7.4301 -144.6981	11.332 -168.964 91.027
weapon_zm_molotov	626.6595 -9.9315 -144.6979	69.994 -135.703 92.021
weapon_zm_molotov	635.1908 -1.6451 -144.8781	29.674 -167.585 90.676
weapon_zm_molotov	627.3723 -3.4544 -144.5444	-86.188 0.917 -103.563
weapon_zm_molotov	621.4618 -2.6134 -144.6247	-31.882 97.454 -89.863
weapon_zm_molotov	615.2606 -14.9786 -144.3845	-32.849 -0.840 -91.082
weapon_zm_molotov	623.7683 -21.3955 -144.4300	41.001 -166.992 -89.072
weapon_zm_molotov	611.8116 -19.9757 -144.3267	-32.217 -51.383 -90.714
weapon_zm_molotov	621.0192 -25.2546 -144.5128	64.660 -78.404 89.456
weapon_zm_molotov	616.4315 -7.3138 -141.7099	-0.011 -1.489 -0.917
weapon_zm_molotov	618.5992 -4.8825 -144.5595	-65.143 27.620 -92.005
weapon_zm_molotov	622.1034 -11.2381 -144.6159	83.485 -29.218 82.266
weapon_zm_molotov	626.7920 -15.5680 -144.5164	-41.210 64.330 89.539
weapon_zm_molotov	634.3046 -7.9823 -144.6446	38.304 -85.419 -90.121
weapon_zm_molotov	618.3179 -15.6270 -144.5354	36.508 -2.329 -91.214
weapon_zm_molotov	632.4656 -16.9733 -144.5518	46.170 -137.071 90.978
weapon_zm_molotov	630.7549 -4.7065 -144.8678	71.658 172.606 -86.913
weapon_zm_molotov	629.6368 -15.1978 -142.1474	-36.074 99.091 -41.962
weapon_zm_molotov	631.2055 47.0188 -145.6120	81.469 85.270 -90.538
weapon_ttt_smokegrenade	626.0148 -545.9420 -143.4207	-0.659 6.944 -0.026
weapon_ttt_smokegrenade	636.3070 -530.8398 -146.5233	61.562 -148.200 89.769
weapon_ttt_smokegrenade	622.4157 -543.0009 -146.4073	76.144 141.728 -90.042
weapon_ttt_smokegrenade	626.7712 -542.7922 -146.4817	30.456 -124.918 90.003
weapon_ttt_smokegrenade	632.5054 -540.0580 -146.4845	-41.294 90.620 89.987
weapon_ttt_smokegrenade	636.6888 -542.3727 -146.2005	-29.124 19.418 -90.020
weapon_ttt_smokegrenade	386.2987 -859.8154 -146.4529	44.248 49.495 -90.006
weapon_ttt_smokegrenade	364.5664 -875.9067 -146.5516	88.118 -128.372 -88.435
item_ammo_revolver_ttt	1006.5341 -930.2426 -143.6366	0.214 0.220 -0.406
item_ammo_revolver_ttt	998.5085 -924.1007 -138.3426	-42.896 -177.847 179.995
item_ammo_revolver_ttt	969.9330 -932.3843 -143.6696	0.445 0.066 0.055
item_ammo_revolver_ttt	939.9814 -934.0861 -143.6556	0.450 0.060 0.049
item_ammo_revolver_ttt	906.5365 -935.0527 -143.6464	0.450 0.055 0.044
item_ammo_revolver_ttt	869.0833 -936.9605 -143.6214	0.456 0.055 0.033
item_ammo_revolver_ttt	835.3945 -938.9905 -143.5821	0.467 0.049 0.016
item_ammo_revolver_ttt	798.0509 -928.9194 -143.6256	0.456 0.055 0.033
item_ammo_revolver_ttt	756.4591 -924.5378 -143.6575	0.450 0.060 0.049
item_ammo_revolver_ttt	718.9301 -925.1972 -143.6242	0.456 0.055 0.033
item_ammo_revolver_ttt	668.2673 -943.8401 -143.6739	0.445 0.066 0.055
item_ammo_revolver_ttt	627.0203 -940.9397 -143.6739	0.445 0.066 0.055
item_ammo_revolver_ttt	532.9630 -931.1614 -143.6575	0.450 0.060 0.049
item_ammo_revolver_ttt	492.0538 -936.1768 -143.6655	0.450 0.060 0.049
item_ammo_revolver_ttt	594.5785 -936.9893 -143.6696	0.445 0.066 0.055
item_ammo_revolver_ttt	564.1917 -939.3635 -143.6227	0.456 0.055 0.033
item_ammo_revolver_ttt	697.0681 -940.1559 -143.6852	0.445 0.071 0.060
item_ammo_revolver_ttt	1000.2851 -732.1893 -143.6160	0.456 0.055 0.033
item_ammo_revolver_ttt	973.7289 -727.8270 -143.6173	0.456 0.055 0.033
item_ammo_revolver_ttt	967.4904 -727.7978 -143.6097	0.461 0.055 0.027
item_ammo_revolver_ttt	942.5764 -727.6822 -143.6594	0.450 0.060 0.049
item_ammo_revolver_ttt	905.1567 -727.5090 -143.6924	0.445 0.077 0.060
item_ammo_revolver_ttt	871.4072 -727.3504 -143.6271	0.456 0.055 0.038
item_ammo_revolver_ttt	837.6578 -727.1932 -143.6085	0.461 0.055 0.027
item_ammo_revolver_ttt	773.6500 -726.8235 -143.6806	0.445 0.071 0.055
item_ammo_revolver_ttt	732.4006 -726.5556 -143.5721	0.467 0.049 0.016
item_ammo_revolver_ttt	694.9012 -726.3104 -143.6447	0.450 0.055 0.044
item_ammo_revolver_ttt	657.4188 -726.0536 -143.6436	0.604 0.066 0.060
item_ammo_revolver_ttt	812.1454 -727.0812 -143.6134	0.456 0.055 0.033
item_ammo_revolver_ttt	818.9194 -727.1257 -143.6050	0.461 0.049 0.027
item_ammo_revolver_ttt	825.0147 -716.4824 -143.5530	1.357 -0.258 -0.950
item_ammo_revolver_ttt	809.9503 -716.5217 -143.5549	1.472 -0.253 -1.060
weapon_zm_pistol	617.3137 -131.3826 -144.3140	0.654 -40.248 -89.412
weapon_zm_pistol	623.1769 -125.4539 -143.9209	0.615 -67.610 -96.432
weapon_zm_pistol	626.2556 -126.2090 -143.8453	13.557 -11.069 80.414
weapon_zm_pistol	622.1890 -129.7691 -144.2061	-17.798 26.609 86.292
weapon_zm_pistol	622.4042 -125.3629 -142.7760	26.592 27.515 48.587
weapon_zm_pistol	624.0384 -122.0420 -143.2986	21.248 23.950 59.639
weapon_ttt_tmp	624.0090 -772.7095 -146.5757	-14.343 17.682 -92.736
weapon_ttt_tmp	624.4122 -754.5793 -148.1956	-20.693 -12.134 75.756
weapon_ttt_tmp	634.6835 -746.6486 -142.1435	-0.027 -33.695 -92.758
weapon_ttt_tmp	629.2003 -756.9491 -139.3425	15.628 5.109 46.022
weapon_ttt_tmp	641.1879 -743.9953 -140.3231	2.906 -26.093 90.555
weapon_ttt_tmp	629.8550 -754.1506 -137.5172	13.431 -2.016 48.834
weapon_ttt_tmp	616.5178 -772.7723 -147.1630	-13.502 -26.801 -79.030
weapon_ttt_awm	795.6906 311.6732 -138.8868	2.994 19.889 68.363
weapon_ttt_awm	801.9781 306.3951 -140.8425	-1.296 -8.568 -80.760
weapon_ttt_awm	803.1952 316.2663 -141.8918	1.348 -0.433 -84.226
weapon_ttt_awm	790.0459 317.7584 -143.8848	1.657 31.013 -86.037
weapon_ttt_awm	797.9436 293.8443 -143.3494	-1.656 -13.900 -91.164
weapon_ttt_awm	803.9301 307.4729 -143.3981	-2.777 -11.099 -91.323
weapon_ttt_awm	836.3848 280.3573 -140.3914	-0.578 143.113 -89.529
weapon_ttt_awm	799.2247 295.5614 -136.6924	4.081 -0.148 -94.636
weapon_ttt_m3	721.8573 274.7422 -143.8232	2.197 -8.492 -72.175
weapon_ttt_m3	724.7472 282.0487 -144.7531	-1.615 -9.981 -88.890
weapon_ttt_m3	729.5809 265.0937 -144.5229	-0.698 11.343 84.523
weapon_ttt_m3	729.7806 282.3635 -140.9184	3.565 -4.845 75.339
weapon_ttt_m3	727.2788 268.0889 -142.4632	-0.703 9.750 79.316
weapon_ttt_m3	728.0457 269.3787 -140.2830	-1.049 11.519 74.696
weapon_zm_rifle	606.4481 -705.2571 -146.1149	2.082 -0.093 -0.231
weapon_zm_rifle	614.3138 -695.8903 -145.6770	-6.976 6.954 90.928
weapon_zm_rifle	620.1398 -687.1200 -145.3078	-9.218 -0.456 91.478
weapon_zm_rifle	619.8500 -679.1500 -145.3991	-8.119 -6.295 -91.236
weapon_zm_rifle	619.6665 -680.8274 -142.9321	-11.091 1.362 129.501
weapon_ttt_an94	802.2027 426.5583 -145.0538	-5.114 -18.062 -72.850
weapon_ttt_an94	799.0192 412.0229 -144.6024	-4.691 -7.943 -90.038
weapon_ttt_an94	789.2402 421.3444 -145.8242	-9.899 -15.705 71.878
weapon_ttt_an94	791.4301 419.7294 -142.5610	-5.186 2.274 58.634
weapon_ttt_an94	786.4917 436.1003 -145.9028	-11.288 -8.992 84.435
weapon_ttt_an94	778.0601 423.0916 -144.4084	-11.898 -1.318 48.285
weapon_ttt_an94	774.0655 431.9371 -145.4814	-12.783 0.917 78.942
ttt_random_weapon	1450.6987 -874.9437 -142.7719	1.555 4.911 -93.323
ttt_random_weapon	1470.7167 -849.5458 -142.7762	1.604 4.916 -93.208
ttt_random_weapon	1478.4001 -826.4073 -142.7977	1.846 4.927 -92.653
ttt_random_weapon	1478.6853 -800.2838 -142.8069	1.950 4.922 -92.417
ttt_random_weapon	1465.9429 -776.5653 -142.7937	1.802 4.927 -92.758
ttt_random_weapon	1439.8711 -757.2829 -142.7852	1.708 4.922 -92.977
ttt_random_weapon	1413.4792 -747.0951 -142.8146	0.950 3.560 -94.351
ttt_random_weapon	1383.8242 -752.0931 -139.7506	-6.812 -7.015 175.990
ttt_random_weapon	1378.9989 -741.1595 -142.2832	-2.351 -16.040 85.331
ttt_random_weapon	1348.4537 -784.2040 -142.7704	1.538 4.911 -93.362
ttt_random_weapon	1333.4861 -814.7645 -142.7868	1.725 4.922 -92.933
ttt_random_weapon	1326.6500 -848.4977 -142.7999	1.873 4.927 -92.598
ttt_random_weapon	1352.0942 -898.0349 -142.7913	1.774 4.927 -92.818
ttt_random_weapon	1385.7507 -908.8115 -142.9196	1.857 -0.324 -92.258
ttt_random_weapon	1410.4177 -900.5896 -142.7721	1.560 4.400 -93.312
ttt_random_weapon	1407.2538 -857.7715 -142.7999	1.873 4.927 -92.598
ttt_random_weapon	1380.5313 -840.5893 -142.7913	1.774 4.927 -92.818
ttt_random_weapon	1381.4037 -817.1617 -142.7970	1.840 4.922 -92.670
ttt_random_weapon	1408.5536 -797.9603 -142.7863	1.719 4.922 -92.950
ttt_random_weapon	1440.3611 -799.3885 -142.7964	1.829 4.927 -92.686
ttt_random_weapon	1439.7688 -828.7537 -142.8578	2.137 2.346 -92.291
ttt_random_weapon	1417.1346 -833.4648 -142.3336	-1.434 -0.879 83.611
ttt_random_weapon	1414.3170 -822.2169 -142.7729	1.566 4.823 -93.296
weapon_ttt_cse	807.3545 1045.4987 -147.7044	0.025 0.013 0.261
weapon_ttt_cse	814.0999 1042.2040 -147.6452	-0.083 0.700 1.175
weapon_ttt_aug	603.1697 -613.1714 -146.6226	-1.159 -8.531 -83.013
weapon_ttt_aug	621.8630 -617.9396 -144.2127	-5.246 11.107 -83.238
weapon_ttt_aug	627.2712 -621.1744 -142.9166	-5.444 6.943 -70.247
weapon_ttt_aug	623.2841 -613.2220 -139.0714	-5.740 9.706 102.695
weapon_ttt_aug	637.4219 -600.5074 -142.7197	-2.010 6.976 -84.018
weapon_ttt_aug	631.3794 -603.6616 -141.3959	-0.566 12.453 78.975
weapon_ttt_sg552	617.5134 -408.9127 -144.6642	-7.690 -0.445 -101.695
weapon_ttt_sg552	625.9412 -396.6921 -144.4657	-9.613 -18.243 60.271
weapon_ttt_sg552	627.4750 -392.5033 -143.9175	-11.651 -25.400 53.394
weapon_ttt_sg552	631.9232 -394.5980 -138.8537	11.310 -3.082 46.478
weapon_ttt_sg552	633.6146 -388.1429 -141.1863	-1.395 -10.915 51.290
weapon_ttt_sg552	634.6898 -378.1173 -141.3517	-1.923 -34.200 -99.525
weapon_ttt_sg552	649.9800 -372.8434 -141.8455	-1.115 -40.551 67.011
weapon_ttt_m24	807.4415 951.9682 -145.1881	-9.313 0.141 108.353
weapon_ttt_m24	804.6075 937.2632 -144.9781	-8.467 -0.828 -113.091
weapon_ttt_m24	809.5589 945.7010 -142.4522	1.008 2.022 63.280
weapon_ttt_m24	815.2261 925.2433 -145.4854	-12.793 2.458 -86.708
weapon_ttt_m24	820.2709 945.7665 -138.6811	0.905 -4.936 -75.238
weapon_ttt_m24	820.5422 934.1350 -144.7218	-6.897 -1.004 -23.815
weapon_ttt_m24	819.3986 943.7339 -137.4155	9.203 -5.925 -6.097
weapon_ttt_binoculars	785.1471 602.6399 -147.8902	-0.117 -0.009 0.405
weapon_ttt_binoculars	803.4403 602.4373 -147.8183	-0.141 -0.011 0.632
weapon_ttt_sg550	617.6743 -492.1699 -145.8081	-8.190 -5.444 -88.660
weapon_ttt_sg550	618.9088 -483.7900 -144.1160	-8.163 -4.955 82.057
weapon_ttt_sg550	621.7258 -479.2211 -145.5409	-6.751 -11.327 12.706
weapon_ttt_sg550	625.3880 -476.6939 -145.3840	-11.794 0.593 -90.829
weapon_ttt_sg550	623.2264 -462.3302 -145.9128	-12.266 -15.936 66.863
weapon_ttt_sg550	629.7222 -459.4790 -144.9634	-14.568 -19.270 61.518
weapon_ttt_famas	620.1779 47.1168 -143.0973	-7.987 -14.183 -108.770
weapon_ttt_famas	624.3346 54.1448 -143.7230	-2.291 -3.334 61.271
weapon_ttt_famas	625.4190 58.4617 -143.8331	-4.087 -6.960 55.272
weapon_ttt_famas	626.2188 62.2462 -143.7725	-3.922 -6.833 53.295
weapon_ttt_famas	627.8928 68.4581 -144.4314	-8.328 -13.442 64.083
weapon_ttt_famas	628.1605 66.2994 -140.4410	-14.837 -27.966 -112.939
weapon_zm_shotgun	623.1501 262.0789 -146.9159	-1.115 -4.120 -92.543
weapon_zm_shotgun	625.9415 270.1451 -147.1781	-0.170 -12.667 -84.177
weapon_zm_shotgun	627.0403 272.2194 -144.0624	-0.533 -7.174 103.815
weapon_zm_shotgun	625.8234 262.6847 -144.6803	-3.680 -1.340 -77.514
weapon_zm_shotgun	626.9323 269.3677 -141.9631	-1.154 6.833 70.549
weapon_zm_shotgun	629.3401 277.8634 -145.8550	6.625 -1.664 39.468
weapon_ttt_ak47	798.9427 517.6752 -147.1921	0.033 -14.134 88.863
weapon_ttt_ak47	781.5260 530.7914 -147.1439	-0.203 -1.362 89.896
weapon_ttt_ak47	777.4001 527.0350 -145.5054	0.324 -19.764 89.264
weapon_ttt_ak47	771.3470 533.5989 -144.7737	-0.319 -6.866 73.048
weapon_ttt_ak47	764.8022 543.5923 -147.1933	-0.022 28.542 -88.270
weapon_ttt_ak47	762.6022 540.2202 -145.7063	0.066 24.423 -84.760
weapon_ttt_ak47	800.3946 512.3760 -143.8918	5.306 18.759 93.131
weapon_ttt_stungun	812.1472 975.8704 -147.2977	-0.434 -22.025 89.700
weapon_ttt_stungun	826.8365 983.6907 -143.3762	-2.932 -39.059 90.041
weapon_ttt_stungun	831.3318 986.9128 -142.0846	-4.207 -22.781 74.226
weapon_ttt_stungun	831.4194 995.4891 -142.4906	-3.874 -20.418 78.031
weapon_ttt_stungun	819.4227 995.9980 -140.6405	4.151 28.237 -98.214
weapon_ttt_stungun	835.9057 994.7164 -138.7567	9.885 14.728 -97.521
weapon_ttt_stungun	837.1290 998.9385 -137.8784	10.655 21.289 -96.270
weapon_ttt_flaregun	781.3064 722.2528 -146.8575	0.515 1.912 0.815
weapon_ttt_flaregun	795.9552 722.5754 -146.8651	0.171 3.042 -0.189
weapon_ttt_flaregun	804.0806 722.5397 -145.7840	16.934 6.646 12.589
weapon_ttt_flaregun	808.4348 720.6553 -144.9650	19.967 -9.262 8.331
weapon_ttt_flaregun	796.7302 731.7025 -146.5993	-0.132 53.804 -179.906
weapon_ttt_flaregun	803.5007 727.9476 -143.7245	-1.615 7.957 -37.619
weapon_ttt_flaregun	804.4650 722.8550 -140.4432	17.106 5.502 14.227
weapon_ttt_flaregun	807.2487 722.6393 -138.8125	18.141 1.881 13.296
weapon_ttt_c4	770.7582 653.3759 -146.7977	-39.248 -0.291 1.135
weapon_ttt_c4	797.3381 651.5264 -147.1650	-48.911 3.796 3.617
weapon_ttt_c4	812.1530 652.7772 -146.6844	-39.638 -2.432 0.187
weapon_ttt_c4	823.6700 652.4044 -147.5045	-46.135 179.111 168.665
weapon_ttt_c4	800.2342 655.5194 -147.2408	-55.324 -36.510 5.751
weapon_ttt_c4	787.6492 655.9938 -147.3151	-49.928 -33.476 4.932
weapon_ttt_c4	779.7655 655.4344 -146.9977	-42.168 -17.455 1.883
weapon_ttt_c4	806.5074 651.4339 -147.1574	-30.323 -21.103 22.843
weapon_ttt_c4	818.6843 655.7257 -136.8503	68.043 -101.711 -105.286
weapon_ttt_c4	789.2062 649.3561 -145.3414	10.380 -24.242 31.862
weapon_ttt_phammer	810.2745 864.6655 -143.7663	-0.913 -10.892 -58.690
weapon_ttt_phammer	823.3176 854.7000 -142.6150	-21.913 16.325 19.109
weapon_ttt_wtester	776.7892 694.1249 -147.8052	-0.042 0.001 0.052
weapon_ttt_wtester	791.4879 692.3585 -147.8253	-0.048 0.001 0.058
weapon_ttt_wtester	801.9949 693.4965 -147.7973	-0.037 0.001 0.049
ttt_random_ammo	1681.0983 -485.9615 -143.6647	0.044 0.000 0.022
ttt_random_ammo	1627.7723 -505.8110 -143.6111	0.401 0.000 -0.434
ttt_random_ammo	1600.9265 -528.8300 -143.5652	1.285 -0.027 -1.560
ttt_random_ammo	1589.6180 -550.0334 -143.5593	1.071 -0.027 -1.291
ttt_random_ammo	1590.6310 -568.4135 -143.6647	0.044 0.000 0.022
ttt_random_ammo	1600.4816 -600.0935 -143.5794	1.588 -0.038 -1.928
ttt_random_ammo	1608.3889 -620.1826 -143.6385	0.066 0.000 -0.011
ttt_random_ammo	1628.6191 -632.8975 -143.6207	0.165 0.000 -0.137
ttt_random_ammo	1668.1273 -626.0591 -143.6672	0.044 0.000 0.027
ttt_random_ammo	1712.5164 -593.0227 -143.6309	0.088 0.000 -0.038
ttt_random_ammo	1717.0370 -562.3247 -143.5414	0.753 -0.022 -0.906
ttt_random_ammo	1649.6730 -497.4936 -143.6066	1.450 -0.022 -1.714
ttt_random_ammo	1618.0227 -524.5671 -143.6102	0.467 0.000 -0.516
ttt_random_ammo	1595.9801 -573.7018 -143.6385	0.066 0.000 -0.011
ttt_random_ammo	1617.2300 -631.4933 -143.5399	0.747 -0.022 -0.901
ttt_random_ammo	1657.1704 -604.8171 -143.6600	0.044 0.000 0.022
ttt_random_ammo	1623.0747 -558.4495 -141.2605	0.341 -0.516 89.962
ttt_random_ammo	1612.8763 -584.6508 -143.6532	0.049 0.000 0.016
ttt_random_ammo	1674.5782 -603.3956 -143.6532	0.049 0.000 0.016
ttt_random_ammo	1681.8193 -551.7744 -143.6467	0.049 0.000 0.005
ttt_random_ammo	1647.8722 -527.4967 -143.6554	0.044 0.000 0.016
ttt_random_ammo	1624.9290 -549.0430 -143.5372	-1.390 8.196 0.571
ttt_random_ammo	1646.5465 -601.7635 -143.6162	0.242 0.000 -0.236
ttt_random_ammo	1675.3669 -568.4796 -143.5897	1.659 -0.033 -1.994
ttt_random_ammo	1646.0406 -550.7745 -143.6467	0.049 0.000 0.005
ttt_random_ammo	1645.2236 -577.6755 -143.6825	0.044 0.000 0.033
ttt_random_ammo	1666.5819 -585.9124 -143.5643	1.263 -0.027 -1.533
ttt_random_ammo	1747.7444 -653.9999 -143.6747	0.044 0.000 0.027
ttt_random_ammo	1676.9769 -673.6799 -143.6223	0.148 0.000 -0.121
ttt_random_ammo	1652.4666 -670.0797 -143.6068	0.956 -0.011 -1.110
ttt_random_ammo	1610.8805 -642.0662 -143.5700	1.384 -0.027 -1.681
ttt_random_ammo	1570.5060 -590.4468 -143.5608	1.192 -0.027 -1.445
ttt_random_ammo	1588.9071 -497.1614 -143.6623	0.044 0.000 0.022
ttt_random_ammo	1636.7184 -486.8323 -143.6346	0.071 0.000 -0.022
ttt_random_ammo	1574.3077 -518.5493 -143.6365	0.066 0.000 -0.016
ttt_random_ammo	1564.9492 -582.9148 -143.6273	0.104 0.000 -0.066
ttt_random_ammo	1550.6331 -546.2765 -143.6065	1.269 -0.016 -1.489
ttt_random_ammo	1599.4497 -630.9844 -143.5591	1.110 -0.027 -1.346
ttt_random_ammo	1587.8563 -622.3275 -143.6772	0.044 0.000 0.027
ttt_random_ammo	1683.8931 -531.7700 -143.6510	0.049 0.000 0.011
ttt_random_ammo	1723.1968 -516.4121 -143.6623	0.044 0.000 0.022
ttt_random_ammo	1657.7125 -480.8795 -140.4684	-89.258 -63.254 27.592
ttt_random_ammo	1701.8634 -507.4944 -143.6291	0.093 0.000 -0.055
ttt_random_ammo	1741.3962 -541.5033 -143.6365	0.071 0.000 -0.016
ttt_random_ammo	1767.7498 -563.3033 -143.6672	0.044 0.000 0.027
ttt_random_ammo	1760.7722 -594.4825 -143.6163	0.242 0.000 -0.236
ttt_random_ammo	1751.7994 -616.7838 -143.6467	0.049 0.000 0.005
ttt_random_ammo	1705.2939 -640.0035 -143.6799	0.044 0.000 0.033
ttt_random_ammo	1698.0454 -656.3386 -143.5867	1.642 -0.033 -1.983
ttt_random_ammo	1716.1204 -628.9841 -143.6425	0.055 0.000 0.000
weapon_zm_mac10	620.1792 -329.0849 -146.7583	0.346 -27.197 -88.649
weapon_zm_mac10	634.4325 -313.2765 -145.0034	1.214 -91.818 -64.808
weapon_zm_mac10	640.1890 -322.5167 -141.1548	8.899 -27.175 79.118
weapon_zm_mac10	630.5541 -315.4290 -144.5349	-24.472 -13.321 -81.123
weapon_zm_mac10	624.2629 -313.9934 -147.9747	-16.287 -1.609 -82.244
weapon_zm_mac10	645.9692 -327.3764 -140.5097	7.690 62.386 93.450
weapon_zm_mac10	620.5161 -314.6381 -149.2513	-29.872 -7.943 -70.851
weapon_zm_mac10	621.0762 -326.5798 -145.1738	-0.928 -9.168 90.461
weapon_zm_mac10	625.6517 -323.3965 -144.4821	-19.286 -3.691 83.606
weapon_ttt_push	794.0425 800.0432 -145.2068	0.317 -1.625 2.234
weapon_ttt_push	791.1122 816.5845 -145.2210	0.127 -0.139 -4.318
weapon_ttt_push	797.4775 804.4349 -135.9550	6.525 6.644 -27.879
item_box_buckshot_ttt	1010.3265 -964.0905 -143.5769	0.220 -0.220 -0.297
item_box_buckshot_ttt	1004.8965 -953.6692 -143.5647	1.901 -0.181 -0.461
item_box_buckshot_ttt	954.9716 -965.6620 -143.5807	-0.731 -0.005 0.648
item_box_buckshot_ttt	928.7227 -966.4019 -143.6166	-0.626 0.000 0.593
item_box_buckshot_ttt	898.7524 -967.2272 -143.6527	0.709 0.000 -0.566
item_box_buckshot_ttt	869.3218 -968.0640 -143.5665	-0.621 -0.005 0.549
item_box_buckshot_ttt	839.4056 -969.0298 -143.6207	0.104 0.000 0.000
item_box_buckshot_ttt	805.6976 -970.1688 -143.6620	0.450 0.000 -0.352
item_box_buckshot_ttt	783.1893 -970.9811 -143.6211	0.137 0.000 -0.027
item_box_buckshot_ttt	751.5122 -971.1188 -143.5894	-0.791 0.000 0.703
item_box_buckshot_ttt	673.0408 -975.4236 -143.5743	-0.681 -0.005 0.604
item_box_buckshot_ttt	639.3509 -977.4753 -143.6265	0.121 0.121 -0.033
item_box_buckshot_ttt	606.1721 -978.7357 -143.5796	-0.725 -0.005 0.643
item_box_buckshot_ttt	568.8246 -981.0870 -143.5362	-0.379 -0.005 0.341
item_box_buckshot_ttt	490.6526 -986.5485 -143.6176	-0.406 0.000 0.412
item_box_buckshot_ttt	547.9173 -982.2301 -143.6620	0.450 0.000 -0.352
item_box_buckshot_ttt	529.6040 -983.4720 -143.6011	-0.923 -0.005 0.813
item_box_buckshot_ttt	718.8103 -971.8630 -143.6208	0.115 0.000 -0.005
item_box_buckshot_ttt	980.7679 -966.5839 -143.6257	0.747 -0.016 -0.516
item_ammo_rifle_ttt	1006.5128 -1002.7949 -143.6161	-0.478 -0.022 0.011
item_ammo_rifle_ttt	956.0480 -1004.1032 -143.6508	0.176 -0.027 0.016
item_ammo_rifle_ttt	903.5695 -1005.4739 -143.5728	0.027 0.000 0.011
item_ammo_rifle_ttt	854.8349 -1006.7426 -143.6462	0.066 0.000 0.033
item_ammo_rifle_ttt	809.8484 -1007.9122 -143.6243	-0.099 0.066 -0.005
item_ammo_rifle_ttt	764.8650 -1009.0847 -143.6104	-0.264 0.055 -0.022
item_ammo_rifle_ttt	731.1801 -1010.0126 -143.6387	-0.505 -0.027 -0.071
item_ammo_rifle_ttt	701.2094 -1010.7963 -143.5621	-0.494 0.352 -0.170
item_ammo_rifle_ttt	667.4221 -1011.6606 -143.5454	-0.253 0.110 -0.203
item_ammo_rifle_ttt	637.4315 -1012.4216 -143.5826	-0.269 0.055 0.027
item_ammo_rifle_ttt	603.6805 -1013.2944 -143.5945	-0.077 -0.016 -0.022
item_ammo_rifle_ttt	528.6935 -1014.5806 -143.5993	-0.132 -0.016 -0.143
item_ammo_rifle_ttt	548.7105 -1014.5919 -143.5743	-0.352 0.110 -0.588
item_ammo_rifle_ttt	575.8702 -1014.7306 -143.5448	1.884 0.148 0.324
item_ammo_rifle_ttt	789.9464 -1014.7345 -143.5782	-0.516 0.253 -0.659
item_ammo_rifle_ttt	831.9670 -1014.7791 -143.5146	-0.769 0.104 -0.335
item_ammo_rifle_ttt	879.6365 -1014.8109 -143.5758	-0.434 0.709 -0.626
item_ammo_rifle_ttt	926.9062 -1014.7496 -143.5378	0.731 0.121 0.000
item_ammo_rifle_ttt	981.2657 -1014.8029 -143.5388	-1.016 0.659 -0.571
item_ammo_rifle_ttt	1003.4531 -805.1481 -143.5533	-0.330 0.280 -0.445
item_ammo_rifle_ttt	980.3797 -807.3631 -143.6547	-0.132 -0.016 -0.038
item_ammo_rifle_ttt	971.0522 -807.9429 -143.6332	-0.110 -0.016 -0.033
item_ammo_rifle_ttt	968.1285 -789.6638 -143.5425	-0.247 0.923 -0.346
item_ammo_rifle_ttt	941.9091 -809.6556 -143.6273	-0.110 -0.016 -0.033
item_ammo_rifle_ttt	900.7302 -812.0753 -143.6312	-0.110 -0.016 -0.033
item_ammo_rifle_ttt	863.2950 -814.2747 -143.5945	-0.077 -0.016 -0.022
item_ammo_rifle_ttt	822.1161 -816.6946 -143.6236	-0.104 -0.016 -0.027
item_ammo_rifle_ttt	780.9374 -819.1147 -143.6667	-0.143 -0.016 -0.038
item_ammo_rifle_ttt	743.5020 -821.3140 -143.6254	-0.104 -0.016 -0.027
item_ammo_rifle_ttt	694.8361 -824.1735 -143.5988	-0.082 -0.016 -0.022
item_ammo_rifle_ttt	646.1702 -827.0331 -143.6048	-0.088 -0.016 -0.022
item_ammo_357_ttt	1005.1869 -767.8741 -143.7019	0.533 -0.038 -0.005
item_ammo_357_ttt	967.8407 -767.9995 -143.6829	0.445 0.071 0.060
item_ammo_357_ttt	930.3402 -768.1118 -143.6594	0.450 0.060 0.049
item_ammo_357_ttt	896.5902 -768.2127 -143.6017	0.461 0.049 0.027
item_ammo_357_ttt	851.5902 -768.3482 -143.5995	0.461 0.049 0.027
item_ammo_357_ttt	810.3403 -768.4731 -143.6614	0.450 0.060 0.049
item_ammo_357_ttt	772.8402 -768.5856 -143.6429	0.450 0.055 0.044
item_ammo_357_ttt	724.0902 -768.7323 -143.6316	0.456 0.055 0.038
item_ammo_357_ttt	682.8402 -768.8564 -143.6214	0.456 0.055 0.033
item_ammo_357_ttt	649.4149 -756.3299 -137.5666	14.326 -1.390 -14.947
item_ammo_357_ttt	729.1663 -758.1635 -143.5735	0.709 -0.308 -0.775
item_ammo_357_ttt	770.4164 -758.0179 -143.5597	0.637 -0.308 -0.533
item_ammo_357_ttt	811.8309 -757.8541 -143.5883	0.840 -0.253 -1.082
item_ammo_357_ttt	853.0825 -757.7387 -143.5764	0.764 -0.280 -0.857
item_ammo_357_ttt	894.3324 -757.6069 -143.5891	0.835 -0.264 -1.088
item_ammo_357_ttt	939.2831 -768.2850 -143.6200	0.456 0.055 0.033
item_ammo_357_ttt	984.2822 -768.0639 -143.6696	0.445 0.066 0.055
item_ammo_357_ttt	1008.7506 -757.0416 -143.5663	1.252 -1.483 -0.033
weapon_ttt_confgrenade	621.7137 102.2096 -146.0987	-13.189 -18.594 92.302
weapon_ttt_confgrenade	624.9639 114.6118 -146.0612	-50.136 20.819 -95.905
weapon_ttt_confgrenade	617.0187 116.3365 -146.0965	-49.977 14.793 -98.026
weapon_ttt_confgrenade	610.0685 103.9281 -144.5475	-4.779 -0.753 0.780
weapon_ttt_confgrenade	613.9831 109.1215 -146.1488	-13.239 -15.101 -93.115
weapon_ttt_confgrenade	617.6759 108.6637 -146.0829	38.199 19.534 -94.438
weapon_ttt_confgrenade	629.7577 100.8056 -146.0269	79.849 175.803 -178.083
weapon_ttt_confgrenade	634.6754 106.7367 -146.1055	-48.203 -142.443 -99.003
weapon_ttt_confgrenade	625.9879 104.0742 -146.1259	-27.065 -34.481 110.391
weapon_ttt_confgrenade	629.8781 109.7840 -146.2188	-13.343 134.978 105.172
weapon_ttt_confgrenade	632.1264 103.8219 -146.1369	32.640 79.601 112.006
weapon_ttt_confgrenade	630.9553 114.6204 -146.1156	36.403 90.313 -96.328
weapon_ttt_confgrenade	620.5073 89.0750 -145.7864	-47.527 71.609 95.279
weapon_ttt_confgrenade	636.6802 100.8781 -146.1035	-10.421 144.245 96.581
