# Trouble in Terrorist Town weapon/ammo placement overrides
# For map: ttt_bank_b1
# Exported by: NinjaTuna
setting:	replacespawns 1
weapon_zm_pistol	-125.2078 957.9337 -695.6533	0.487 36.813 89.488
weapon_zm_pistol	-200.6816 1112.0548 -695.7504	-0.551 36.034 88.676
weapon_zm_pistol	-186.8864 716.5557 -694.4951	-1.071 -45.876 -91.249
weapon_zm_pistol	-371.1858 684.4656 -695.6394	0.388 34.513 89.159
weapon_zm_pistol	656.6080 867.1465 -694.4956	-1.027 73.915 -91.336
weapon_zm_pistol	467.1242 2068.3391 -703.7207	-0.139 36.020 88.129
weapon_zm_pistol	706.4301 2707.4675 -662.0729	-0.674 -36.793 -90.567
weapon_zm_pistol	54.1874 1330.7410 -255.6608	-0.556 36.274 90.717
weapon_zm_pistol	-342.2196 1200.7969 -243.7411	-0.167 36.019 87.786
weapon_zm_pistol	-42.2760 173.4519 -247.6744	-0.654 34.479 91.112
weapon_zm_pistol	744.3713 842.3621 -229.8253	-0.052 -27.898 -89.815
weapon_zm_pistol	283.0734 941.3127 -224.1046	0.133 35.810 89.795
item_ammo_pistol_ttt	1256.5469 1650.1298 -228.3164	89.412 52.280 149.927
item_ammo_pistol_ttt	1232.7780 1647.4587 -222.3541	-0.945 -0.726 90.598
item_ammo_pistol_ttt	1164.9004 2041.1174 -61.7478	6.549 2.822 -9.593
item_ammo_pistol_ttt	1159.3983 2030.9161 -61.3071	0.139 2.855 14.752
item_ammo_pistol_ttt	1179.9917 2072.0098 -63.6393	-0.121 -0.019 -0.037
item_ammo_pistol_ttt	-119.9481 982.6859 -695.5887	-0.096 -0.207 -0.018
item_ammo_pistol_ttt	-120.7273 963.9617 -694.3777	0.171 -0.850 -2.732
item_ammo_pistol_ttt	-202.9631 1109.6846 -695.6155	0.497 3.431 -0.178
item_ammo_pistol_ttt	-197.5347 1080.0770 -695.5864	-0.074 -0.020 -0.022
item_ammo_pistol_ttt	-444.4830 715.6465 -695.6312	-0.114 -0.020 -0.034
item_ammo_pistol_ttt	-484.4850 701.0195 -695.6457	-0.126 -0.019 -0.038
item_ammo_pistol_ttt	-454.3102 695.7993 -695.6130	-0.098 -0.020 -0.030
item_ammo_pistol_ttt	-421.7791 700.0872 -695.6618	-0.140 -0.019 -0.042
item_ammo_pistol_ttt	-447.3976 690.8285 -695.6254	-0.108 -0.020 -0.033
item_ammo_pistol_ttt	-376.9820 687.7766 -692.6503	-89.073 178.308 -179.696
item_ammo_pistol_ttt	-354.1730 678.1869 -692.7793	89.911 -2.254 -0.067
item_ammo_pistol_ttt	648.2594 865.5372 -695.5084	-0.084 9.478 0.019
item_ammo_pistol_ttt	642.7839 865.9073 -692.6678	-89.271 -178.974 -171.233
item_ammo_pistol_ttt	394.9934 2325.0933 -703.6096	-0.095 -0.020 -0.029
item_ammo_pistol_ttt	465.4844 2123.9927 -703.6523	-0.132 -0.019 -0.040
item_ammo_pistol_ttt	700.3811 2708.8152 -663.1483	-0.154 0.629 -0.047
item_ammo_pistol_ttt	706.6189 2705.0757 -661.7437	-1.787 0.695 -0.935
item_ammo_pistol_ttt	51.4351 1334.9209 -255.5800	0.465 -1.354 0.185
item_ammo_pistol_ttt	41.3608 1346.8312 -252.7464	-89.742 -170.085 168.380
item_ammo_pistol_ttt	-353.2161 1204.1053 -243.6372	-0.119 -0.019 -0.036
item_ammo_pistol_ttt	-359.3888 1204.4131 -243.5182	-0.583 0.146 -0.276
item_ammo_pistol_ttt	-44.7041 176.4837 -247.5661	-1.308 0.588 -0.002
item_ammo_pistol_ttt	-51.1090 167.0654 -247.5436	-0.155 0.637 -0.325
item_ammo_pistol_ttt	745.3832 834.0123 -230.9040	-0.008 30.524 -0.038
item_ammo_pistol_ttt	710.3803 839.0000 -252.7928	-89.389 173.533 -179.434
item_ammo_pistol_ttt	278.6602 944.8149 -221.1554	-89.412 167.300 -168.390
item_ammo_pistol_ttt	285.0700 945.1013 -222.7412	0.013 -4.973 -8.148
item_ammo_pistol_ttt	465.8001 1793.4413 -63.6642	-0.143 -0.019 -0.043
item_ammo_pistol_ttt	456.4287 1793.3972 -63.6217	-0.105 -0.019 -0.032
item_ammo_pistol_ttt	1287.3176 2468.4963 -63.6594	-0.138 -0.019 -0.042
item_ammo_pistol_ttt	1314.7385 2463.9199 -63.6003	-0.087 -0.020 -0.026
item_ammo_pistol_ttt	404.0859 1563.3591 -255.6273	-0.110 -0.019 -0.033
item_ammo_pistol_ttt	386.3184 1567.8809 -255.6693	-0.147 -0.018 -0.044
weapon_ttt_m3	1122.5034 1839.9048 -254.5686	-0.342 -12.929 -89.976
weapon_ttt_m3	248.5072 1426.2391 -62.5624	-0.291 173.253 86.110
weapon_ttt_m3	774.0179 1488.2410 -62.5415	0.297 -14.476 -86.875
weapon_ttt_m3	1465.6815 2222.8069 -62.5961	-0.445 -10.223 -88.871
weapon_zm_revolver	1331.4396 2262.3682 -253.9418	1.637 -21.490 -89.895
weapon_zm_revolver	1207.0144 2361.9551 -254.0151	2.527 14.994 -85.108
weapon_zm_revolver	821.7029 2348.7532 -254.0847	2.365 -19.686 -84.357
weapon_zm_revolver	485.4294 395.2593 -254.3081	-0.938 10.771 -85.510
weapon_zm_revolver	484.8546 443.6960 -254.1143	1.699 -18.547 -86.319
weapon_zm_revolver	450.3767 433.2575 -254.1144	2.469 -20.319 -83.135
weapon_zm_revolver	584.3261 506.8809 -254.0904	2.536 -21.471 -85.031
weapon_zm_revolver	747.0262 125.4647 -238.2493	0.108 -21.029 -85.428
weapon_zm_revolver	706.2467 1622.8174 -253.9834	3.024 -20.088 -85.230
weapon_zm_revolver	1074.2832 1782.5667 -254.0010	2.914 -22.931 -85.304
weapon_zm_revolver	1672.0963 1657.2565 -254.0694	2.266 -17.947 -85.953
weapon_zm_revolver	1599.6866 1921.1166 -219.9592	1.085 27.514 151.126
weapon_zm_revolver	1610.3452 1892.1732 -174.8691	-0.077 -20.073 -86.931
weapon_zm_revolver	297.7590 1340.1698 -654.1258	2.480 -20.297 -82.880
weapon_zm_revolver	-151.0662 995.8434 -694.0247	2.534 -22.034 -85.490
weapon_zm_revolver	-207.1321 1228.4418 -694.0625	2.755 -20.106 -83.697
weapon_zm_revolver	492.3809 2069.2339 -254.1953	1.252 -26.703 -86.942
weapon_zm_revolver	1243.2036 1901.3846 -254.0766	2.552 -19.682 -83.772
ttt_random_weapon	184.3460 1755.5500 -54.6271	0.000 261.000 0.000
ttt_random_weapon	1134.9500 1771.9301 -166.8130	0.000 0.000 0.000
ttt_random_weapon	-500.3000 921.5120 -686.6270	0.000 0.000 0.000
ttt_random_weapon	-368.8860 1179.6000 -686.6270	0.000 0.000 0.000
ttt_random_weapon	-331.9700 563.1760 -686.6270	0.000 0.000 0.000
ttt_random_weapon	-598.2230 575.8700 -686.6270	0.000 0.000 0.000
ttt_random_weapon	613.6530 2577.2400 -115.9000	0.000 0.000 0.000
ttt_random_weapon	-342.4640 1070.2100 -686.6270	0.000 0.000 0.000
ttt_random_weapon	-493.2640 1033.4500 -621.6610	0.000 0.000 0.000
ttt_random_weapon	-379.8880 813.4890 -686.6270	0.000 0.000 0.000
ttt_random_weapon	-261.9920 820.2750 -621.6610	0.000 0.000 0.000
ttt_random_weapon	198.1870 1347.0400 -613.2700	0.000 0.000 0.000
ttt_random_weapon	806.7420 2691.6799 -608.8340	0.000 0.000 0.000
ttt_random_weapon	329.7650 2003.2900 -694.6270	0.000 0.000 0.000
ttt_random_weapon	1966.3900 775.6510 -246.6270	0.000 0.000 0.000
ttt_random_weapon	763.0780 2584.1699 -115.9010	0.000 0.000 0.000
ttt_random_weapon	184.3460 1755.5500 -54.6271	0.000 261.000 0.000
ttt_random_weapon	1134.9500 1771.9301 -166.8130	0.000 0.000 0.000
ttt_random_weapon	-500.3000 921.5120 -686.6270	0.000 0.000 0.000
ttt_random_weapon	-368.8860 1179.6000 -686.6270	0.000 0.000 0.000
ttt_random_weapon	-331.9700 563.1760 -686.6270	0.000 0.000 0.000
ttt_random_weapon	-598.2230 575.8700 -686.6270	0.000 0.000 0.000
ttt_random_weapon	613.6530 2577.2400 -115.9000	0.000 0.000 0.000
ttt_random_weapon	-342.4640 1070.2100 -686.6270	0.000 0.000 0.000
ttt_random_weapon	-493.2640 1033.4500 -621.6610	0.000 0.000 0.000
ttt_random_weapon	-379.8880 813.4890 -686.6270	0.000 0.000 0.000
ttt_random_weapon	-261.9920 820.2750 -621.6610	0.000 0.000 0.000
ttt_random_weapon	198.1870 1347.0400 -613.2700	0.000 0.000 0.000
ttt_random_weapon	806.7420 2691.6799 -608.8340	0.000 0.000 0.000
ttt_random_weapon	329.7650 2003.2900 -694.6270	0.000 0.000 0.000
ttt_random_weapon	1966.3900 775.6510 -246.6270	0.000 0.000 0.000
ttt_random_weapon	763.0780 2584.1699 -115.9010	0.000 0.000 0.000
weapon_ttt_tmp	678.4717 2060.3567 -63.1375	-1.345 17.748 91.437
weapon_ttt_tmp	98.4835 2311.8411 0.3654	0.073 -3.344 88.154
weapon_ttt_tmp	1483.2836 2261.1506 -32.9878	-0.663 16.389 91.817
weapon_ttt_sg550	672.9871 2332.5354 -62.3698	0.416 -10.386 -89.529
weapon_ttt_sg550	1058.1912 2348.2715 -29.7933	0.457 -12.487 -89.310
weapon_ttt_sg550	382.9215 1709.0912 -254.2943	0.375 -12.167 -91.025
item_box_buckshot_ttt	1406.3102 1646.2335 -255.5452	-0.454 -0.006 0.404
item_box_buckshot_ttt	1419.2893 1666.9235 -254.5379	-0.252 0.849 15.180
item_box_buckshot_ttt	1700.9106 1649.9265 -255.5505	-0.497 -0.007 0.441
item_box_buckshot_ttt	1532.7778 2248.9346 -255.5798	-0.786 -0.013 0.613
item_box_buckshot_ttt	1558.6772 2264.7490 -255.6650	0.386 0.004 -0.301
item_box_buckshot_ttt	1031.8398 2348.6511 -254.1985	-0.335 3.475 -15.890
item_box_buckshot_ttt	1038.9314 2355.9497 -255.5107	-0.435 3.336 0.609
item_box_buckshot_ttt	1046.4717 2357.0962 -255.5286	-0.296 0.605 0.281
item_box_buckshot_ttt	664.2756 1894.7118 -254.3877	-4.199 -13.857 -10.454
item_box_buckshot_ttt	653.4439 1893.6425 -249.5641	-58.714 161.421 179.653
item_box_buckshot_ttt	695.5883 1849.9351 -255.6448	1.039 0.001 -0.835
item_box_buckshot_ttt	743.0857 845.6671 -227.4041	89.946 -120.585 180.000
item_box_buckshot_ttt	740.9370 871.7599 -230.9126	-0.081 -14.715 -0.007
item_box_buckshot_ttt	257.9044 165.2339 -243.5716	0.041 9.753 90.053
item_box_buckshot_ttt	256.0994 178.2026 -242.8555	-0.154 5.975 -90.221
item_box_buckshot_ttt	264.1329 180.3925 -247.4875	0.005 7.170 -0.004
item_box_buckshot_ttt	1143.2753 1817.5348 -255.6282	0.765 -0.119 -0.531
item_box_buckshot_ttt	1121.7416 1819.0692 -255.6278	0.763 -0.122 -0.526
item_box_buckshot_ttt	1145.0260 1861.1366 -255.5784	-0.702 -0.006 0.628
item_box_buckshot_ttt	1121.1515 1861.5031 -255.6167	-0.558 -0.004 0.536
item_box_buckshot_ttt	252.7208 1398.8707 -63.5860	-0.764 -0.004 0.681
item_box_buckshot_ttt	230.1418 1405.1150 -63.6074	-0.943 -0.001 0.842
item_box_buckshot_ttt	813.5922 1490.5621 -63.5397	1.425 -0.095 -0.429
item_box_buckshot_ttt	747.1099 1485.4417 -63.5906	-0.800 -0.005 0.712
item_box_buckshot_ttt	1511.7061 2230.3008 -63.6558	0.612 0.003 -0.487
item_box_buckshot_ttt	1530.2568 2220.1096 -63.5985	-0.862 -0.011 0.767
weapon_ttt_ak47	837.5786 1235.5657 -254.9433	0.008 -16.213 87.257
weapon_ttt_ak47	1451.3478 1870.3123 -255.4295	-0.047 -16.140 88.069
weapon_ttt_ak47	175.4746 2118.0042 -31.6367	-0.115 7.758 -89.711
weapon_ttt_ak47	114.3893 696.3574 -63.0779	-0.205 3.441 -89.125
item_ammo_smg1_ttt	963.1611 2363.2368 -253.8835	6.158 6.326 -7.142
item_ammo_smg1_ttt	945.1567 2338.2507 -255.5777	-0.474 0.004 0.306
item_ammo_smg1_ttt	1783.3646 1657.3129 -254.5252	-9.411 5.039 -0.000
item_ammo_smg1_ttt	1815.8364 1652.8492 -242.2456	-0.355 178.945 179.997
item_ammo_smg1_ttt	485.2593 2144.1838 -225.1985	-0.406 0.014 -0.327
item_ammo_smg1_ttt	503.0026 2145.3772 -224.2543	-2.324 0.037 4.828
item_ammo_smg1_ttt	123.7475 1788.4836 -255.4411	0.359 0.921 0.270
item_ammo_smg1_ttt	126.1966 1781.7759 -241.7203	0.481 0.138 0.234
item_ammo_smg1_ttt	1000.7433 1884.9501 -255.4548	-0.139 -1.196 -0.031
item_ammo_smg1_ttt	1009.9135 1905.6808 -254.6253	-0.824 -2.144 5.154
item_ammo_smg1_ttt	950.8510 1671.1317 -61.9263	0.519 20.701 -10.759
item_ammo_smg1_ttt	961.5394 1682.3278 -57.9508	88.775 29.218 3.057
item_ammo_smg1_ttt	1060.3915 2428.2979 -61.9447	5.381 -4.271 -6.682
item_ammo_smg1_ttt	1073.4392 2424.0615 -63.5643	-0.346 -4.245 0.125
item_ammo_smg1_ttt	671.2038 2088.3237 -63.6007	0.152 -0.005 0.090
item_ammo_smg1_ttt	689.1633 2087.7161 -63.5820	0.374 -0.005 0.239
item_ammo_smg1_ttt	110.9483 2335.7744 -0.0390	-0.384 -0.021 -0.345
item_ammo_smg1_ttt	129.0261 2287.2007 -0.0330	-0.124 -0.372 0.319
item_ammo_smg1_ttt	1472.6266 2273.1309 -33.4860	-0.161 0.548 0.062
item_ammo_smg1_ttt	1473.5106 2270.8711 -19.6616	-0.161 0.417 0.264
weapon_zm_shotgun	1399.3527 1673.0890 -254.7282	-0.358 10.043 84.397
weapon_zm_shotgun	1549.3900 2241.7346 -255.0068	-0.395 -8.313 -83.545
weapon_zm_shotgun	1031.2336 2346.1335 -254.7235	-0.371 8.226 84.237
weapon_zm_shotgun	665.8830 1891.4218 -254.7451	-0.649 9.212 84.563
weapon_zm_shotgun	739.9144 859.6727 -230.3803	-0.529 -7.484 -84.766
weapon_zm_shotgun	251.5916 170.2037 -246.7447	-0.649 9.222 84.575
weapon_zm_shotgun	1119.4102 1889.9958 -254.7289	-0.310 -2.085 83.950
weapon_ttt_m16	685.9325 1754.2269 -214.8383	1.834 -8.123 85.692
weapon_ttt_m16	1241.6376 1659.3353 -224.8688	9.479 -18.152 -95.633
weapon_ttt_m16	1249.9152 1775.7064 -175.4717	1.912 -0.272 85.593
weapon_ttt_m16	1150.9728 2041.1097 -62.8009	2.004 -7.928 85.067
weapon_zm_molotov	871.0019 2374.4434 -251.4402	3.373 -0.130 -3.472
weapon_zm_molotov	132.3710 2410.4590 -59.4327	0.193 -0.214 -0.036
weapon_zm_molotov	292.3618 1806.0978 -59.4624	0.243 -0.186 -0.048
weapon_zm_rifle	166.1933 634.0889 -254.6829	3.201 18.591 64.657
weapon_zm_rifle	30.6008 2233.1526 -254.6568	3.867 6.140 65.365
weapon_zm_rifle	420.5749 956.8087 -31.3139	3.381 8.142 65.568
weapon_zm_rifle	236.8536 1823.9427 -62.7104	3.249 10.839 65.259
weapon_zm_rifle	-398.4123 898.3613 -694.5975	3.395 1.302 65.568
weapon_zm_rifle	-571.5339 1021.4888 -694.5900	3.309 10.056 65.751
weapon_zm_rifle	-909.2698 1513.0570 -254.4596	6.043 2.909 22.727
weapon_zm_rifle	810.3539 175.2835 -246.8573	0.456 -5.544 -87.914
weapon_zm_rifle	292.4642 925.2267 -223.0771	3.322 -9.228 65.716
weapon_zm_rifle	832.8282 2421.5251 -131.9170	1.455 11.586 70.624
weapon_ttt_famas	1282.4142 1769.9691 -223.3447	0.081 8.134 89.379
weapon_ttt_famas	493.8093 2277.2222 -224.2211	-0.000 -19.063 -89.239
weapon_ttt_famas	870.7637 1264.4313 -62.7964	0.000 21.594 88.356
weapon_zm_sledge	-207.6229 848.4390 -691.5748	18.513 0.794 2.986
weapon_zm_sledge	-210.2802 709.9500 -691.6132	18.211 0.873 2.975
weapon_zm_sledge	454.5431 1490.0443 -475.5668	18.588 0.398 2.953
weapon_zm_sledge	696.1505 1889.6323 -700.3625	12.456 0.210 2.206
weapon_zm_sledge	848.2373 1891.1722 -699.5619	18.664 0.301 2.836
weapon_zm_sledge	1140.9741 2401.7078 -251.7006	18.172 -0.770 2.795
weapon_zm_sledge	1538.4456 2459.8718 -59.5840	18.484 0.179 2.833
weapon_ttt_glock	469.2135 1799.5935 -63.4750	-0.840 25.756 91.833
weapon_ttt_glock	1298.9661 2479.2949 -63.4838	-0.887 25.728 92.060
weapon_ttt_glock	418.1876 1551.1410 -255.4658	-0.791 25.766 91.598
ttt_random_ammo	1616.0000 1874.0000 -223.4990	0.000 0.000 0.000
ttt_random_ammo	1616.0000 1896.0000 -223.4990	0.000 0.000 0.000
ttt_random_ammo	1616.0000 1916.0000 -223.4990	0.000 89.000 0.000
ttt_random_ammo	1616.0000 1916.0000 -196.0000	0.000 90.500 0.000
ttt_random_ammo	1616.0000 1874.0000 -196.0000	0.000 0.000 0.000
ttt_random_ammo	1616.0000 1896.0000 -196.0000	0.000 0.000 0.000
ttt_random_ammo	1616.0000 1916.0000 -246.0000	0.000 90.000 0.000
ttt_random_ammo	1616.0000 1874.0000 -246.0000	0.000 0.000 0.000
ttt_random_ammo	1616.0000 1896.0000 -246.0000	0.000 0.000 0.000
ttt_random_ammo	607.1940 2175.5701 -33.9994	0.000 0.000 0.000
ttt_random_ammo	722.4040 2217.7800 -63.9994	0.000 0.000 0.000
ttt_random_ammo	666.6640 2466.9199 -63.9994	0.000 0.000 0.000
ttt_random_ammo	507.3480 1851.0601 -63.9994	0.000 0.000 0.000
ttt_random_ammo	610.0180 1905.9399 -33.9994	0.000 0.000 0.000
ttt_random_ammo	1244.7600 1975.4800 -192.4200	0.000 0.000 0.000
ttt_random_ammo	940.4690 2448.3501 -255.9990	0.000 0.000 0.000
ttt_random_ammo	1514.0000 1648.0000 -204.0440	0.000 0.000 0.000
ttt_random_ammo	1265.6000 1650.9500 -231.3230	0.000 0.000 0.000
ttt_random_ammo	689.8270 1614.4200 -215.9990	0.000 90.000 0.000
ttt_random_ammo	685.5000 1364.9301 -215.9990	0.000 90.000 0.000
ttt_random_ammo	842.8220 1234.4399 -215.9990	0.000 180.000 0.000
ttt_random_ammo	144.1670 1899.2600 -135.0470	0.000 0.000 0.000
ttt_random_ammo	-569.5160 803.7160 -695.9990	0.000 0.000 0.000
ttt_random_ammo	-493.2740 1187.7200 -695.9990	0.000 0.000 0.000
ttt_random_ammo	-269.4540 560.4030 -695.9990	0.000 0.000 0.000
ttt_random_ammo	-327.1010 704.7800 -695.9990	0.000 0.000 0.000
ttt_random_ammo	-494.0660 890.5160 -695.9990	0.000 0.000 0.000
ttt_random_ammo	-327.5890 1047.7500 -695.9990	0.000 0.000 0.000
ttt_random_ammo	-266.8820 876.6710 -695.9990	0.000 0.000 0.000
ttt_random_ammo	-455.6830 566.2540 -695.9990	0.000 0.000 0.000
ttt_random_ammo	795.8550 2678.0300 -618.2070	0.000 0.000 0.000
ttt_random_ammo	929.5620 1551.9600 -605.2190	0.000 0.000 0.000
ttt_random_ammo	472.8960 931.9620 -695.9990	0.000 0.000 0.000
ttt_random_ammo	-86.3496 977.0100 -654.6420	0.000 0.000 0.000
ttt_random_ammo	689.9360 1924.6100 -653.2190	0.000 0.000 0.000
ttt_random_ammo	249.0570 1353.9200 -255.9990	0.000 0.000 0.000
ttt_random_ammo	546.2900 2248.2400 -225.4150	0.000 0.000 0.000
ttt_random_ammo	670.9180 2588.8101 -164.9880	0.000 98.000 0.000
ttt_random_ammo	711.8330 2560.7200 -164.3910	0.000 287.000 0.000
ttt_random_ammo	646.5530 2631.4900 -168.5630	0.000 264.000 0.000
ttt_random_ammo	625.7670 2558.6799 -165.5190	0.000 132.000 0.000
ttt_random_ammo	728.3850 2631.3401 -169.8530	0.000 242.000 0.000
ttt_random_ammo	717.5000 2588.7700 -125.2730	0.000 98.000 0.000
ttt_random_ammo	-393.8970 628.1740 -695.9990	0.000 0.000 0.000
ttt_random_ammo	-380.8470 732.1610 -631.0330	0.000 0.000 0.000
ttt_random_ammo	-532.2640 1121.5400 -631.0330	0.000 0.000 0.000
ttt_random_ammo	-555.4000 1179.5400 -695.9990	0.000 0.000 0.000
ttt_random_ammo	-247.1690 1237.6100 -695.9990	0.000 0.000 0.000
ttt_random_ammo	-312.1480 983.4920 -695.9990	0.000 0.000 0.000
ttt_random_ammo	-322.7030 815.1080 -695.9990	0.000 0.000 0.000
ttt_random_ammo	690.3750 1479.3400 -255.9990	0.000 90.000 0.000
ttt_random_ammo	-333.4070 1172.1000 -243.9990	0.000 0.000 0.000
ttt_random_ammo	1616.0000 1874.0000 -223.4990	0.000 0.000 0.000
ttt_random_ammo	1616.0000 1896.0000 -223.4990	0.000 0.000 0.000
ttt_random_ammo	1616.0000 1916.0000 -223.4990	0.000 89.000 0.000
ttt_random_ammo	1616.0000 1916.0000 -196.0000	0.000 90.500 0.000
ttt_random_ammo	1616.0000 1874.0000 -196.0000	0.000 0.000 0.000
ttt_random_ammo	1616.0000 1896.0000 -196.0000	0.000 0.000 0.000
ttt_random_ammo	1616.0000 1916.0000 -246.0000	0.000 90.000 0.000
ttt_random_ammo	1616.0000 1874.0000 -246.0000	0.000 0.000 0.000
ttt_random_ammo	1616.0000 1896.0000 -246.0000	0.000 0.000 0.000
ttt_random_ammo	607.1940 2175.5701 -33.9994	0.000 0.000 0.000
ttt_random_ammo	722.4040 2217.7800 -63.9994	0.000 0.000 0.000
ttt_random_ammo	666.6640 2466.9199 -63.9994	0.000 0.000 0.000
ttt_random_ammo	507.3480 1851.0601 -63.9994	0.000 0.000 0.000
ttt_random_ammo	610.0180 1905.9399 -33.9994	0.000 0.000 0.000
ttt_random_ammo	1244.7600 1975.4800 -192.4200	0.000 0.000 0.000
ttt_random_ammo	940.4690 2448.3501 -255.9990	0.000 0.000 0.000
ttt_random_ammo	1514.0000 1648.0000 -204.0440	0.000 0.000 0.000
ttt_random_ammo	1265.6000 1650.9500 -231.3230	0.000 0.000 0.000
ttt_random_ammo	689.8270 1614.4200 -215.9990	0.000 90.000 0.000
ttt_random_ammo	685.5000 1364.9301 -215.9990	0.000 90.000 0.000
ttt_random_ammo	842.8220 1234.4399 -215.9990	0.000 180.000 0.000
ttt_random_ammo	144.1670 1899.2600 -135.0470	0.000 0.000 0.000
ttt_random_ammo	-569.5160 803.7160 -695.9990	0.000 0.000 0.000
ttt_random_ammo	-493.2740 1187.7200 -695.9990	0.000 0.000 0.000
ttt_random_ammo	-269.4540 560.4030 -695.9990	0.000 0.000 0.000
ttt_random_ammo	-327.1010 704.7800 -695.9990	0.000 0.000 0.000
ttt_random_ammo	-494.0660 890.5160 -695.9990	0.000 0.000 0.000
ttt_random_ammo	-327.5890 1047.7500 -695.9990	0.000 0.000 0.000
ttt_random_ammo	-266.8820 876.6710 -695.9990	0.000 0.000 0.000
ttt_random_ammo	-455.6830 566.2540 -695.9990	0.000 0.000 0.000
ttt_random_ammo	795.8550 2678.0300 -618.2070	0.000 0.000 0.000
ttt_random_ammo	929.5620 1551.9600 -605.2190	0.000 0.000 0.000
ttt_random_ammo	472.8960 931.9620 -695.9990	0.000 0.000 0.000
ttt_random_ammo	-86.3496 977.0100 -654.6420	0.000 0.000 0.000
ttt_random_ammo	689.9360 1924.6100 -653.2190	0.000 0.000 0.000
ttt_random_ammo	249.0570 1353.9200 -255.9990	0.000 0.000 0.000
ttt_random_ammo	546.2900 2248.2400 -225.4150	0.000 0.000 0.000
ttt_random_ammo	670.9180 2588.8101 -164.9880	0.000 98.000 0.000
ttt_random_ammo	711.8330 2560.7200 -164.3910	0.000 287.000 0.000
ttt_random_ammo	646.5530 2631.4900 -168.5630	0.000 264.000 0.000
ttt_random_ammo	625.7670 2558.6799 -165.5190	0.000 132.000 0.000
ttt_random_ammo	728.3850 2631.3401 -169.8530	0.000 242.000 0.000
ttt_random_ammo	717.5000 2588.7700 -125.2730	0.000 98.000 0.000
ttt_random_ammo	-393.8970 628.1740 -695.9990	0.000 0.000 0.000
ttt_random_ammo	-380.8470 732.1610 -631.0330	0.000 0.000 0.000
ttt_random_ammo	-532.2640 1121.5400 -631.0330	0.000 0.000 0.000
ttt_random_ammo	-555.4000 1179.5400 -695.9990	0.000 0.000 0.000
ttt_random_ammo	-247.1690 1237.6100 -695.9990	0.000 0.000 0.000
ttt_random_ammo	-312.1480 983.4920 -695.9990	0.000 0.000 0.000
ttt_random_ammo	-322.7030 815.1080 -695.9990	0.000 0.000 0.000
ttt_random_ammo	690.3750 1479.3400 -255.9990	0.000 90.000 0.000
ttt_random_ammo	-333.4070 1172.1000 -243.9990	0.000 0.000 0.000
ttt_random_ammo	893.2595 1809.2484 -63.5089	-0.190 0.421 0.284
ttt_random_ammo	883.0027 1801.5514 -63.6577	0.046 -0.000 0.021
ttt_random_ammo	889.8861 1800.8003 -63.5230	0.989 0.068 -0.947
ttt_random_ammo	1097.0288 2456.1316 -255.6043	-0.422 -0.003 0.458
ttt_random_ammo	1105.7008 2438.4187 -255.6501	-0.052 -0.000 -0.014
ttt_random_ammo	1101.9648 2449.3228 -255.5956	-0.730 -0.007 0.834
ttt_random_ammo	1108.1469 2461.3025 -255.6121	-0.251 -0.001 0.247
ttt_random_ammo	1118.1455 2451.4141 -255.5535	-1.560 -0.040 1.888
ttt_random_ammo	1120.0304 2442.3494 -255.6479	-0.053 -0.000 -0.011
ttt_random_ammo	1133.5310 2435.6116 -255.6121	-0.250 -0.001 0.245
ttt_random_ammo	1143.1133 2439.3926 -255.5547	-1.666 -0.036 2.021
ttt_random_ammo	1143.0541 2450.9773 -255.5506	0.874 -0.142 -0.978
ttt_random_ammo	1134.3440 2453.5598 -253.3198	-1.036 5.802 -90.057
ttt_random_ammo	988.6519 1878.0197 -255.6577	0.048 -0.000 0.022
ttt_random_ammo	982.8853 1891.5085 -255.6721	0.047 -0.000 0.031
ttt_random_ammo	1007.5538 1917.5316 -252.3416	-89.763 173.417 180.000
ttt_random_ammo	1345.4271 1878.4647 -256.0106	-0.016 1.358 0.083
ttt_random_ammo	1346.3701 1900.7325 -256.0131	-0.004 -1.172 -0.033
ttt_random_ammo	1093.6078 1842.9901 -703.6353	-0.072 -0.000 0.019
ttt_random_ammo	1135.8732 1826.6022 -703.5552	-1.171 -0.002 0.615
ttt_random_ammo	1166.3947 1827.8624 -703.5309	-0.885 -0.024 1.074
ttt_random_ammo	175.3589 1053.3492 -695.6747	0.046 -0.000 0.032
ttt_random_ammo	190.2750 980.6432 -695.6696	0.046 -0.000 0.029
ttt_random_ammo	641.6434 870.7874 -689.4149	-1.769 2.736 -0.767
ttt_random_ammo	-179.2189 826.0156 -695.5117	0.795 4.280 -0.963
ttt_random_ammo	-193.8401 716.6363 -695.5195	0.289 -0.038 0.673
ttt_random_ammo	-249.8265 857.0564 -693.3171	-0.720 -8.499 -89.988
ttt_random_ammo	-295.6740 884.4552 -695.5234	-0.933 -2.361 -0.474
ttt_random_ammo	-270.1358 944.2023 -571.5349	-0.194 -1.153 -0.014
ttt_random_ammo	-264.1531 945.5346 -571.5242	-0.214 -2.895 0.174
ttt_random_ammo	-288.9929 943.0098 -569.2455	89.932 -68.596 -65.960
ttt_random_ammo	-390.1699 942.1242 -695.6647	0.047 0.000 -0.027
ttt_random_ammo	-403.6989 927.8178 -695.5159	1.483 -0.017 1.797
ttt_random_ammo	-353.1974 968.6747 -630.9478	0.050 0.000 -0.008
ttt_random_ammo	-445.5819 1083.8231 -692.3626	-89.314 174.059 128.244
ttt_random_ammo	-465.0062 1119.0964 -571.5851	-1.293 -0.020 1.520
ttt_random_ammo	-481.5229 1141.3429 -571.6845	-0.048 -0.000 -0.036
ttt_random_ammo	-581.4229 934.5591 -695.6346	0.077 0.000 0.026
ttt_random_ammo	-587.1568 892.1259 -695.5822	1.723 0.036 2.093
ttt_random_ammo	-579.7411 788.1018 -695.6554	0.049 0.000 -0.019
ttt_random_ammo	-635.8953 661.7531 -695.5150	-0.643 -1.436 -0.398
ttt_random_ammo	-612.9974 547.9689 -695.5338	-1.380 -2.029 -0.662
ttt_random_ammo	-600.5063 547.6188 -695.5116	0.574 -0.121 0.635
ttt_random_ammo	-293.1046 597.2675 -659.6900	0.462 -0.435 -3.984
ttt_random_ammo	-274.3970 606.0939 -630.8714	1.202 0.031 1.447
ttt_random_ammo	682.6182 1361.1532 -655.6577	0.048 -0.000 0.022
ttt_random_ammo	784.7773 1693.9662 -703.6852	0.047 -0.000 0.036
ttt_random_ammo	769.6610 1785.9762 -703.6721	0.046 -0.000 0.031
ttt_random_ammo	640.5236 1864.0929 -703.6577	0.048 -0.000 0.021
ttt_random_ammo	507.1880 1956.7438 -703.6509	0.051 -0.000 0.014
ttt_random_ammo	357.0370 2357.8845 -703.5801	1.499 -0.035 -1.806
ttt_random_ammo	471.2725 2222.7620 -703.6177	0.216 -0.001 -0.204
ttt_random_ammo	513.9006 2219.2834 -703.6647	0.046 -0.000 0.027
ttt_random_ammo	634.3475 2196.6284 -703.6239	0.135 -0.000 -0.103
ttt_random_ammo	1033.4945 2425.7773 -703.6425	0.059 0.000 0.001
ttt_random_ammo	1053.1873 2422.9568 -703.5012	-0.510 1.442 -0.617
ttt_random_ammo	845.8492 2449.6221 -703.6327	0.083 0.000 0.035
ttt_random_ammo	735.8575 2555.2175 -703.5499	0.981 0.026 1.189
ttt_random_ammo	147.0174 2909.1104 -701.2856	88.808 62.952 65.958
ttt_random_ammo	241.1923 2732.4551 -703.6404	0.063 0.000 0.006
ttt_random_ammo	273.7111 2704.0056 -703.6600	0.047 -0.000 0.023
ttt_random_ammo	-171.2286 1740.9966 -273.8172	1.632 4.881 -113.925
ttt_random_ammo	-154.4111 1463.2664 -255.6309	0.091 -0.000 -0.045
ttt_random_ammo	-84.2696 1492.3428 -255.6083	0.615 -0.005 -0.694
ttt_random_ammo	-91.0436 1562.1295 -255.6162	0.242 -0.001 -0.236
ttt_random_ammo	-130.6384 1289.2219 -253.3492	-0.575 -7.656 -89.784
ttt_random_ammo	481.1096 331.9601 -255.5149	1.180 -0.057 -1.430
ttt_random_ammo	466.4389 286.7586 -193.4986	-1.242 -0.026 1.394
ttt_random_ammo	418.2108 1820.5796 -255.5373	-0.838 6.631 0.017
ttt_random_ammo	366.5593 1821.2715 -255.4922	-1.524 0.471 1.848
ttt_random_ammo	700.4688 2166.4954 -255.5591	1.202 -0.030 -1.462
ttt_random_ammo	668.3848 2078.4304 -255.6078	0.731 -0.007 -0.835
weapon_zm_mac10	949.9016 2359.9976 -254.7336	-0.162 -34.375 -88.686
weapon_zm_mac10	1785.3372 1654.3225 -254.7717	-0.506 -37.678 -87.900
weapon_zm_mac10	501.5133 2159.5942 -224.4389	-0.125 -44.145 -88.790
weapon_zm_mac10	126.1126 1808.2982 -254.6362	0.488 -46.500 -89.078
weapon_zm_mac10	1005.6355 1919.9734 -254.6738	-0.085 -24.045 -88.156
weapon_zm_mac10	944.4548 1665.6006 -62.6763	-0.612 -35.251 -89.879
weapon_zm_mac10	1045.2531 2427.5847 -62.8049	-0.528 -40.121 -88.859
item_ammo_357_ttt	173.2703 662.4628 -255.6829	0.447 0.073 0.061
item_ammo_357_ttt	169.5434 646.5520 -255.6331	0.457 0.058 0.041
item_ammo_357_ttt	28.3777 2222.1931 -255.6148	0.712 -7.446 0.590
item_ammo_357_ttt	40.6903 2215.5483 -255.6039	0.463 0.055 0.030
item_ammo_357_ttt	419.3037 945.7325 -28.1215	-0.181 0.134 90.605
item_ammo_357_ttt	414.7970 963.7577 -32.3277	0.768 0.700 0.036
item_ammo_357_ttt	236.1523 1840.1786 -63.6675	0.536 0.012 0.176
item_ammo_357_ttt	251.0735 1827.6523 -58.8943	-0.744 -2.442 -90.709
item_ammo_357_ttt	-385.0708 903.0200 -695.5704	0.628 -0.358 -0.663
item_ammo_357_ttt	-395.5949 909.2173 -690.3610	-44.116 171.300 180.000
item_ammo_357_ttt	-572.1300 1031.0493 -695.6783	0.448 0.068 0.060
item_ammo_357_ttt	-546.0457 1009.3160 -695.6451	-0.573 -6.596 0.382
item_ammo_357_ttt	-904.4274 1504.4052 -255.5437	0.492 2.260 -0.042
item_ammo_357_ttt	-905.5231 1544.9735 -255.6464	0.455 0.060 0.047
item_ammo_357_ttt	806.0319 171.2037 -243.4920	-1.065 -23.433 89.750
item_ammo_357_ttt	814.5612 175.2039 -245.5356	-8.605 23.721 25.087
item_ammo_357_ttt	276.2182 905.3140 -224.0215	0.476 -0.047 -0.002
item_ammo_357_ttt	288.7419 908.8340 -224.0255	0.475 -0.048 -0.004
item_ammo_357_ttt	842.9526 2429.4624 -133.0014	0.588 0.073 0.067
item_ammo_357_ttt	837.7192 2419.4902 -129.6463	-2.780 -1.889 -19.895
item_ammo_357_ttt	691.3112 2309.2063 -63.6375	0.467 0.060 0.039
item_ammo_357_ttt	673.1642 2313.2944 -63.6442	0.466 0.062 0.042
item_ammo_357_ttt	1070.5929 2324.2078 -31.0638	0.433 0.056 0.039
item_ammo_357_ttt	1050.0254 2325.4441 -31.0883	0.424 0.063 0.047
item_ammo_357_ttt	346.1297 1731.0289 -255.6532	0.465 0.064 0.045
item_ammo_357_ttt	390.5024 1737.1774 -255.6629	0.464 0.066 0.048
item_ammo_revolver_ttt	1340.1561 2262.9751 -253.4998	12.330 -3.049 -20.671
item_ammo_revolver_ttt	1334.9640 2252.8357 -255.5595	1.139 -0.435 -0.889
item_ammo_revolver_ttt	1245.3979 2312.8523 -255.6134	0.461 0.054 0.034
item_ammo_revolver_ttt	1221.4268 2355.0134 -255.6655	0.450 0.063 0.055
item_ammo_revolver_ttt	819.6013 2345.2388 -255.5690	0.779 10.202 -0.049
item_ammo_revolver_ttt	808.9478 2338.6279 -250.4510	-45.362 -153.676 178.986
item_ammo_revolver_ttt	816.9401 2364.5532 -255.6447	0.455 0.059 0.046
item_ammo_revolver_ttt	486.8003 392.7292 -254.4146	0.555 0.896 16.629
item_ammo_revolver_ttt	468.6485 385.4243 -255.6806	0.448 0.073 0.060
item_ammo_revolver_ttt	482.2353 437.7964 -255.6185	0.468 12.157 0.071
item_ammo_revolver_ttt	473.7832 438.8132 -250.3517	-43.522 -174.900 180.000
item_ammo_revolver_ttt	456.0670 413.2403 -255.6328	0.434 0.361 0.035
item_ammo_revolver_ttt	446.2867 419.6387 -250.3513	-43.499 172.525 180.000
item_ammo_revolver_ttt	583.7165 504.1015 -254.5748	-20.650 1.323 -0.014
item_ammo_revolver_ttt	587.5340 501.4705 -251.5534	76.855 99.886 109.902
item_ammo_revolver_ttt	745.9323 121.3866 -238.7381	-17.126 1.217 0.046
item_ammo_revolver_ttt	733.1552 122.9184 -234.3473	-43.226 -171.866 180.000
item_ammo_revolver_ttt	705.2895 1618.4041 -254.6075	-19.106 3.854 0.078
item_ammo_revolver_ttt	710.8936 1611.4878 -255.5402	0.673 -26.305 -0.286
item_ammo_revolver_ttt	1074.5331 1781.4595 -254.1731	-29.790 -0.449 0.275
item_ammo_revolver_ttt	1066.6053 1774.1624 -255.5419	1.857 9.367 -1.153
item_ammo_revolver_ttt	1669.8792 1654.9866 -255.5996	0.763 5.156 0.006
item_ammo_revolver_ttt	1659.3251 1661.3759 -250.3391	-42.657 157.122 180.000
item_ammo_revolver_ttt	1603.7578 1884.4393 -176.1785	-0.608 -0.144 -0.004
item_ammo_revolver_ttt	1613.5542 1891.5687 -174.4136	-2.590 2.798 4.804
item_ammo_revolver_ttt	292.9314 1331.3916 -655.6315	0.458 0.057 0.041
item_ammo_revolver_ttt	293.1977 1342.0006 -655.5747	0.958 -0.295 -0.973
item_ammo_revolver_ttt	-146.4737 991.8233 -694.2667	0.301 -3.540 19.073
item_ammo_revolver_ttt	-136.4430 995.4844 -692.7287	88.550 12.411 0.000
item_ammo_revolver_ttt	-207.2430 1219.2358 -695.5526	0.938 1.175 -0.005
item_ammo_revolver_ttt	-202.8200 1208.7924 -695.5733	0.840 -0.279 -0.869
item_ammo_revolver_ttt	501.3627 2070.0979 -253.8988	12.469 8.811 -9.443
item_ammo_revolver_ttt	512.2608 2070.3984 -255.5872	1.392 -0.050 -0.441
item_ammo_revolver_ttt	1248.6082 1891.1350 -255.6829	0.447 0.072 0.062
item_ammo_revolver_ttt	1249.9510 1875.7305 -255.6347	0.457 0.057 0.042
item_ammo_revolver_ttt	1248.6970 1862.3718 -255.6316	0.457 0.056 0.041
ttt_playerspawn	665.0093 379.2272 -255.5256	0.005 0.000 -0.004
ttt_playerspawn	511.6187 376.9224 -255.6163	0.027 0.000 -0.027
ttt_playerspawn	307.9326 316.6331 -255.6211	0.026 0.000 -0.026
ttt_playerspawn	416.2787 383.0809 -255.6065	-0.013 0.000 0.013
ttt_playerspawn	616.5239 503.6832 -255.5892	0.016 0.054 0.016
ttt_playerspawn	486.8807 475.5210 -255.6007	0.022 0.000 -0.022
ttt_playerspawn	771.0297 1042.7126 -255.6425	0.002 0.000 -0.002
ttt_playerspawn	153.2170 1201.4739 -255.5809	0.005 0.000 -0.005
ttt_playerspawn	463.3944 969.9687 -255.6100	0.007 0.000 -0.007
ttt_playerspawn	223.5615 2156.9468 -255.5979	-0.017 0.000 0.017
ttt_playerspawn	332.7915 2320.1780 -255.6458	0.030 0.000 -0.030
ttt_playerspawn	768.1368 2135.6431 -255.6097	0.024 0.000 -0.024
ttt_playerspawn	1220.4247 2392.6687 -255.6322	-0.069 0.050 -0.026
ttt_playerspawn	1173.4917 1921.6193 -255.5276	0.108 0.582 -0.087
ttt_playerspawn	826.9901 1894.2111 -63.5888	0.006 0.000 -0.006
ttt_playerspawn	380.0235 1395.2278 -63.6262	0.001 0.000 -0.001
ttt_playerspawn	360.3132 1047.0886 -63.6278	0.002 0.000 -0.002
ttt_playerspawn	771.6981 1139.3771 -63.6022	0.001 0.000 -0.001
ttt_playerspawn	791.4124 1659.1155 -63.6332	0.009 0.000 -0.009
ttt_playerspawn	533.3276 1445.2913 -63.6444	0.002 0.000 -0.002
ttt_playerspawn	181.7261 1440.3134 -63.5816	0.009 0.049 0.007
ttt_playerspawn	1563.3677 2185.4697 -63.6174	0.007 0.000 -0.007
ttt_playerspawn	1375.2185 2380.0269 -63.6312	-0.009 -0.000 -0.009
ttt_playerspawn	1059.0984 1693.4260 -63.6250	0.009 0.000 -0.009
ttt_playerspawn	1431.4031 2138.0413 -255.6057	0.022 0.000 -0.022
ttt_playerspawn	1121.0939 2145.0696 -255.6413	-0.024 0.000 0.024
ttt_playerspawn	1316.5670 1956.2609 -255.6053	0.021 0.000 -0.021
ttt_playerspawn	1694.7778 2152.4177 -255.5662	0.009 0.000 -0.009
item_ammo_rifle_ttt	678.0771 1723.0856 -215.6479	-0.128 -0.019 -0.039
item_ammo_rifle_ttt	687.7680 1722.4541 -215.6372	-0.119 -0.019 -0.036
item_ammo_rifle_ttt	686.6593 1774.7355 -215.6594	-0.138 -0.019 -0.042
item_ammo_rifle_ttt	816.8085 1224.4449 -255.6064	-0.290 -0.015 -0.130
item_ammo_rifle_ttt	802.0876 1224.3469 -255.5318	-0.834 0.254 -0.409
item_ammo_rifle_ttt	1240.9365 1778.6055 -224.2884	-0.073 0.037 0.001
item_ammo_rifle_ttt	1258.1042 1778.5442 -224.3135	-0.137 -0.019 -0.033
item_ammo_rifle_ttt	1479.1882 1886.0082 -256.0302	0.051 0.005 -0.011
item_ammo_rifle_ttt	1462.9790 1885.5636 -256.0599	0.103 0.005 -0.023
item_ammo_rifle_ttt	1448.5449 1886.0845 -256.1027	-0.093 0.036 0.064
item_ammo_rifle_ttt	473.3158 2277.0935 -225.2972	-0.086 -0.020 -0.024
item_ammo_rifle_ttt	462.8427 2276.5854 -225.3713	-0.150 -0.018 -0.043
item_ammo_rifle_ttt	174.6510 2104.2769 -32.2414	0.005 0.034 0.001
item_ammo_rifle_ttt	162.5398 2085.8660 -32.3143	0.016 0.034 0.004
item_ammo_rifle_ttt	118.8636 712.0970 -63.5704	-0.838 0.232 -0.700
item_ammo_rifle_ttt	132.4187 712.9028 -63.6594	-0.138 -0.019 -0.042
item_ammo_rifle_ttt	855.0447 1276.2026 -63.6018	-0.088 -0.020 -0.027
item_ammo_rifle_ttt	855.6414 1257.6454 -63.5581	-0.418 0.895 -0.505
weapon_ttt_smokegrenade	789.3151 1358.9545 -59.3882	0.118 -0.232 -0.019
weapon_ttt_confgrenade	1560.4186 1645.7365 -252.4535	1.515 0.259 -0.630
weapon_ttt_confgrenade	1664.5358 2141.6812 -252.4535	1.515 0.259 -0.630
weapon_ttt_confgrenade	490.5866 1016.5712 -252.4191	1.070 0.241 -0.338
